    -0.0000000164     -0.0350893665      0.0000000000   -114.5649569974  -1092.6604772432     -1.7497965002
     0.0000037159     -0.0350883362      0.0000000000   -114.3863813726  -1092.8231395181     -5.2462783642
     0.0000073780     -0.0350852474      0.0000000000   -114.0295476372  -1093.1482098899     -8.7334320819
     0.0000109000     -0.0350801075      0.0000000000   -113.4950902820  -1093.6351804629    -12.2050564303
     0.0000142124     -0.0350729286      0.0000000000   -112.7839597013  -1094.2832905434    -15.6549764649
     0.0000172466     -0.0350637280      0.0000000000   -111.8974205846  -1095.0915280165    -19.0770539455
     0.0000199349     -0.0350525276      0.0000000000   -110.8370497782  -1096.0586311773    -22.4651977150
     0.0000222111     -0.0350393542      0.0000000000   -109.6047336196  -1097.1830910142    -25.8133739669
     0.0000240102     -0.0350242389      0.0000000000   -108.2026646437  -1098.4631539336    -29.1156205826
    -0.0000475578     -0.0345199218      0.0000000000   -106.6333374529  -1099.8968251488    -32.3660655508
    -0.0001282203     -0.0340150843      0.0000000000   -104.8995445076  -1101.4818722793    -35.5589116652
    -0.0002180115     -0.0335099192      0.0000000000   -103.0043718459  -1103.2158291584    -38.6884546152
    -0.0003169606     -0.0330046228      0.0000000000   -100.9511939918  -1105.0960002712    -41.7490966695
    -0.0004250913     -0.0324993949      0.0000000000    -98.7436682770  -1107.1194656085    -44.7353559780
    -0.0005424222     -0.0319944387      0.0000000000    -96.3857286934  -1109.2830859084    -47.6418756395
    -0.0006689661     -0.0314899605      0.0000000000    -93.8815792898  -1111.5835082928    -50.4634325191
    -0.0008047302     -0.0309861693      0.0000000000    -91.2356871243  -1114.0171722710    -53.1949458024
    -0.0009497156     -0.0304832767      0.0000000000    -88.4527747875  -1116.5803161052    -55.8314852835
    -0.0011039177     -0.0299814967      0.0000000000    -85.5378125104  -1119.2689835309    -58.3682793353
    -0.0012673253     -0.0294810453      0.0000000000    -82.4960098729  -1122.0790307945    -60.8007225919
    -0.0014399212     -0.0289821403      0.0000000000    -79.3328071288  -1125.0061340292    -63.1243832871
    -0.0016216816     -0.0284850010      0.0000000000    -76.0538661642  -1128.0457969205    -65.3350102706
    -0.0018125764     -0.0279898479      0.0000000000    -72.6650611074  -1131.1933586609    -67.4285396637
    -0.0020125689     -0.0274969026      0.0000000000    -69.1724686079  -1134.4440021806    -69.4011011483
    -0.0022216157     -0.0270063869      0.0000000000    -65.5823578040  -1137.7927626207    -71.2490238950
    -0.0024396667     -0.0265185234      0.0000000000    -61.9011799974  -1141.2345360540    -72.9688420926
    -0.0026666655     -0.0260335344      0.0000000000    -58.1355580562  -1144.7640884079    -74.5573000856
    -0.0029025485     -0.0255516419      0.0000000000    -54.2922755651  -1148.3760646029    -76.0113571150
    -0.0031472458     -0.0250730675      0.0000000000    -50.3782657447  -1152.0649978575    -77.3281916404
    -0.0034006807     -0.0245980317      0.0000000000    -46.4006001605  -1155.8253191521    -78.5052052487
    -0.0036627700     -0.0241267538      0.0000000000    -42.3664772437  -1159.6513668515    -79.5400261319
    -0.0039334239     -0.0236594516      0.0000000000    -38.2832106444  -1163.5373964208    -80.4305121464
    -0.0042125460     -0.0231963411      0.0000000000    -34.1582174405  -1167.4775902689    -81.1747534302
    -0.0045000338     -0.0227376360      0.0000000000    -29.9990062244  -1171.4660676557    -81.7710745873
    -0.0047957783     -0.0222835477      0.0000000000    -25.8131650883  -1175.4968946666    -82.2180364327
    -0.0050996644     -0.0218342848      0.0000000000    -21.6083495326  -1179.5640942196    -82.5144372972
    -0.0054115711     -0.0213900530      0.0000000000    -17.3922703182  -1183.6616561175    -82.6593138981
    -0.0057313713     -0.0209510544      0.0000000000    -13.1726812865  -1187.7835470575    -82.6519417556
    -0.0060589325     -0.0205174879      0.0000000000     -8.9573671681  -1191.9237206698    -82.4918351966
    -0.0063941164     -0.0200895482      0.0000000000     -4.7541314037  -1196.0761274753    -82.1787468928
    -0.0067367797     -0.0196674262      0.0000000000     -0.5707839982  -1200.2347248116    -81.7126669968
    -0.0070867735     -0.0192513084      0.0000000000      3.5848705688  -1204.3934866612    -81.0938218282
    -0.0074439446     -0.0188413766      0.0000000000      7.7050453557  -1208.5464134014    -80.3226721550
    -0.0078081347     -0.0184378079      0.0000000000     11.7819828729  -1212.6875414197    -79.3999110459
    -0.0081791812     -0.0180407745      0.0000000000     15.8079668765  -1216.8109525977    -78.3264613270
    -0.0085569175     -0.0176504433      0.0000000000     19.7753340222  -1220.9107836574    -77.1034726269
    -0.0089411728     -0.0172669758      0.0000000000     23.6764853588  -1224.9812353067    -75.7323180396
    -0.0093317728     -0.0168905281      0.0000000000     27.5038976404  -1229.0165812346    -74.2145903992
    -0.0097285400     -0.0165212505      0.0000000000     31.2501344403  -1233.0111768638    -72.5520981851
    -0.0101312935     -0.0161592875      0.0000000000     34.9078570457  -1236.9594679110    -70.7468610693
    -0.0105398500     -0.0158047776      0.0000000000     38.4698351164  -1240.8559986948    -68.8011051106
    -0.0109540234     -0.0154578534      0.0000000000     41.9289570902  -1244.6954202069    -66.7172576157
    -0.0113736255     -0.0151186413      0.0000000000     45.2782403168  -1248.4724979029    -64.4979416777
    -0.0117984665     -0.0147872613      0.0000000000     48.5125461754  -1252.1827022432    -62.2127779314
    -0.0122283551     -0.0144638269      0.0000000000     51.6297109000  -1255.8225992782    -59.9086919163
    -0.0126630995     -0.0141484452      0.0000000000     54.6288241596  -1259.3892658881    -57.5878640440
    -0.0131025065     -0.0138412170      0.0000000000     57.5091167089  -1262.8799130274    -55.2536412298
    -0.0135463823     -0.0135422367      0.0000000000     60.2699847097  -1266.2918974210    -52.9091567311
    -0.0139945323     -0.0132515929      0.0000000000     62.9110410180  -1269.6227422296    -50.5597667362
    -0.0144467619     -0.0129693679      0.0000000000     65.4320763367  -1272.8701267171    -48.2070825832
    -0.0149028759     -0.0126956381      0.0000000000     67.8330083380  -1276.0318715516    -45.8544672255
    -0.0153626794     -0.0124304741      0.0000000000     70.1139279799  -1279.1059571297    -43.5053465415
    -0.0158259775     -0.0121739403      0.0000000000     72.2751025332  -1282.0905268632    -41.1632020807
    -0.0162925758     -0.0119260957      0.0000000000     74.3169782357  -1284.9838901149    -38.8315636950
    -0.0167622807     -0.0116869933      0.0000000000     76.2401825670  -1287.7845247582    -36.5140020699
    -0.0172348990     -0.0114566808      0.0000000000     78.0455261412  -1290.4910793820    -34.2141211899
    -0.0177102385     -0.0112352004      0.0000000000     79.7340042122  -1293.1023751187    -31.9355507264
    -0.0181881083     -0.0110225888      0.0000000000     81.3067977901  -1295.6174071159    -29.6819383910
    -0.0186683185     -0.0108188777      0.0000000000     82.7652743659  -1298.0353456144    -27.4569422635
    -0.0191506807     -0.0106240935      0.0000000000     84.1109882451  -1300.3555366836    -25.2642231042
    -0.0196350078     -0.0104382577      0.0000000000     85.3456804883  -1302.5775025648    -23.1074366791
    -0.0201211145     -0.0102613870      0.0000000000     86.4712784609  -1304.7009416686    -20.9902261068
    -0.0206088171     -0.0100934934      0.0000000000     87.4898949934  -1306.7257281890    -18.9162142512
    -0.0210979338     -0.0099345843      0.0000000000     88.4038269772  -1308.6519113716    -16.8889892140
    -0.0208045387     -0.0100168188      0.0000000000     89.2128903805  -1310.4788037166    -14.8077675306
    -0.0205082665     -0.0100943261      0.0000000000     89.9144198784  -1312.2049800834    -12.6761227987
    -0.0202091804     -0.0101670343      0.0000000000     90.5059331006  -1313.8291877307    -10.4976490443
    -0.0199073470     -0.0102348719      0.0000000000     90.9851313130  -1315.3503453010     -8.2759465861
    -0.0196028364     -0.0102977673      0.0000000000     91.3498995588  -1316.7675414757     -6.0146149546
    -0.0192957222     -0.0103556496      0.0000000000     91.5983064406  -1318.0800333135     -3.7172459527
    -0.0189860817     -0.0104084482      0.0000000000     91.7286035529  -1319.2872442677     -1.3874168647
    -0.0186739957     -0.0104560936      0.0000000000     91.7392245713  -1320.3887619063      0.9713161782
    -0.0183595490     -0.0104985169      0.0000000000     91.6287840082  -1321.3843353407      3.3554246553
    -0.0180428298     -0.0105356504      0.0000000000     91.3960756427  -1322.2738723584      5.7614139314
    -0.0177239303     -0.0105674278      0.0000000000     91.0400706359  -1323.0574362998      8.1858293293
    -0.0174029462     -0.0105937841      0.0000000000     90.5599153414  -1323.7352426624     10.6252619981
    -0.0170799772     -0.0106146560      0.0000000000     89.9549288214  -1324.3076554697     13.0763545630
    -0.0167551265     -0.0106299820      0.0000000000     89.2246000807  -1324.7751833835     15.5358065418
    -0.0164285012     -0.0106397025      0.0000000000     88.3685850299  -1325.1384756202     18.0003795274
    -0.0161002121     -0.0106437604      0.0000000000     87.3867031906  -1325.3983176319     20.4669021294
    -0.0157703734     -0.0106421006      0.0000000000     86.2789355185  -1325.5495038033     22.9322212148
    -0.0154391031     -0.0106346710      0.0000000000     85.0454369940  -1325.5808439474     25.3926721374
    -0.0151065226     -0.0106214219      0.0000000000     83.6865626038  -1325.4874339095     27.8440838684
    -0.0147727569     -0.0106023067      0.0000000000     82.2028794078  -1325.2706616815     30.2823190278
    -0.0144379343     -0.0105772820      0.0000000000     80.5951633157  -1324.9320793064     32.7033328751
    -0.0141021863     -0.0105463076      0.0000000000     78.8643942229  -1324.4733974003     35.1031785747
    -0.0137656476     -0.0105093468      0.0000000000     77.0117508854  -1323.8964795001     37.4780121743
    -0.0134284561     -0.0104663665      0.0000000000     75.0386055487  -1323.2033362450     39.8240972861
    -0.0130907524     -0.0104173373      0.0000000000     72.9465183440  -1322.3961194075     42.1378094672
    -0.0127526801     -0.0103622340      0.0000000000     70.7372314697  -1321.4771158022     44.4156402983
    -0.0124143852     -0.0103010354      0.0000000000     68.4126631722  -1320.4487410636     46.6542011571
    -0.0120760164     -0.0102337244      0.0000000000     65.9749015413  -1319.3135333401     48.8502266830
    -0.0117377247     -0.0101602884      0.0000000000     63.4261981374  -1318.0741468836     51.0005779382
    -0.0113996631     -0.0100807194      0.0000000000     60.7689614648  -1316.7333455786     53.1022452567
    -0.0110619868     -0.0099950141      0.0000000000     58.0057503071  -1315.2939964233     55.1523507904
    -0.0107248525     -0.0099031736      0.0000000000     55.1392669411  -1313.7590629526     57.1481507476
    -0.0103884189     -0.0098052044      0.0000000000     52.1723502435  -1312.1315986456     59.0870373295
    -0.0100528456     -0.0097011175      0.0000000000     49.1079687067  -1310.4147403286     60.9665403658
    -0.0097182938     -0.0095909293      0.0000000000     45.9492133787  -1308.6117015666     62.7843286535
    -0.0093849255     -0.0094746611      0.0000000000     42.6992907422  -1306.7257660860     64.5382110038
    -0.0090529034     -0.0093523396      0.0000000000     39.3615155472  -1304.7602812173     66.2261370010
    -0.0087223908     -0.0092239966      0.0000000000     35.9393036126  -1302.7186513860     67.8461974788
    -0.0083935513     -0.0090896693      0.0000000000     32.4361646100  -1300.6043316697     69.3966247221
    -0.0080665487     -0.0089494004      0.0000000000     28.8556948448  -1298.4208214063     70.8757923954
    -0.0077415464     -0.0088032377      0.0000000000     25.2015700466  -1296.1716578972     72.2822152142
    -0.0074187078     -0.0086512345      0.0000000000     21.4775381839  -1293.8604102013     73.6145483563
    -0.0070981952     -0.0084934497      0.0000000000     17.6874123146  -1291.4906730343     74.8715866322
    -0.0067801706     -0.0083299474      0.0000000000     13.8350634849  -1289.0660607695     76.0522634096
    -0.0064647944     -0.0081607971      0.0000000000      9.9244136894  -1286.5902015822     77.1556493186
    -0.0061522261     -0.0079860738      0.0000000000      5.9594289025  -1284.0667317149     78.1809507283
    -0.0058426233     -0.0078058576      0.0000000000      1.9441121928  -1281.4992898881     79.1275080197
    -0.0055361422     -0.0076202341      0.0000000000     -2.1175030686  -1278.8915118633     79.9947936554
    -0.0052329368     -0.0074292940      0.0000000000     -6.2213598972  -1276.2470251591     80.7824100615
    -0.0049331587     -0.0072331331      0.0000000000    -10.3633842707  -1273.5694439408     81.4900873293
    -0.0046369574     -0.0070318525      0.0000000000    -14.5394915838  -1270.8623640712     82.1176807499
    -0.0043444794     -0.0068255581      0.0000000000    -18.7455929727  -1268.1293583468     82.6651681912
    -0.0040558684     -0.0066143606      0.0000000000    -22.9776015016  -1265.3739719119     83.1326473301
    -0.0037712652     -0.0063983756      0.0000000000    -27.2314382052  -1262.5997178588     83.5203327471
    -0.0034908070     -0.0061777235      0.0000000000    -31.5030379796  -1259.8100730205     83.8285529012
    -0.0032146277     -0.0059525289      0.0000000000    -35.7883553150  -1257.0084739565     84.0577469893
    -0.0029428573     -0.0057229210      0.0000000000    -40.0833698668  -1254.1983131298     84.2084617071
    -0.0026756221     -0.0054890333      0.0000000000    -44.3840918584  -1251.3829352874     84.2813479200
    -0.0024130442     -0.0052510032      0.0000000000    -48.6865673119  -1248.5656340391     84.2771572556
    -0.0021552414     -0.0050089721      0.0000000000    -52.9868831034  -1245.7496486289     84.1967386299
    -0.0019023272     -0.0047630854      0.0000000000    -57.2811718396  -1242.9381609170     84.0410347157
    -0.0016544106     -0.0045134918      0.0000000000    -61.5656165528  -1240.1342925484     83.8110783692
    -0.0014115955     -0.0042603434      0.0000000000    -65.8364552126  -1237.3411023293     83.5079890189
    -0.0011739814     -0.0040037959      0.0000000000    -70.0899850526  -1234.5615837933     83.1329690329
    -0.0009416626     -0.0037440075      0.0000000000    -74.3225666585  -1231.7986629643     82.6872979800
    -0.0008775626     -0.0036651907      0.0000000000    -78.5298272110  -1229.0554701018     82.1409636292
    -0.0008156941     -0.0035862725      0.0000000000    -82.7066647419  -1226.3353376754     81.4954122613
    -0.0007560872     -0.0035073624      0.0000000000    -86.8480534009  -1223.6415245592     80.7521796823
    -0.0006987675     -0.0034285715      0.0000000000    -90.9490478808  -1220.9772142049     79.9128855185
    -0.0006437560     -0.0033500119      0.0000000000    -95.0047876042  -1218.3455129818     78.9792296249
    -0.0005910691     -0.0032717967      0.0000000000    -99.0105007290  -1215.7494486952     77.9529885326
    -0.0005407184     -0.0031940393      0.0000000000   -102.9615079731  -1213.1919692616     76.8360119384
    -0.0004927107     -0.0031168541      0.0000000000   -106.8532262608  -1210.6759415465     75.6302192448
    -0.0004470482     -0.0030403552      0.0000000000   -110.6811721951  -1208.2041503545     74.3375961578
    -0.0004037280     -0.0029646569      0.0000000000   -114.4409653568  -1205.7792975601     72.9601913472
    -0.0003627424     -0.0028898732      0.0000000000   -118.1283314352  -1203.4040013845     71.5001131781
    -0.0003240791     -0.0028161176      0.0000000000   -121.7391051948  -1201.0807957992     69.9595265168
    -0.0002877205     -0.0027435028      0.0000000000   -125.2692332794  -1198.8121300558     68.3406496149
    -0.0002536446     -0.0026721406      0.0000000000   -128.7147768605  -1196.6003683326     66.6457510808
    -0.0002218242     -0.0026021414      0.0000000000   -132.0719141328  -1194.4477894925     64.8771469351
    -0.0001922277     -0.0025336143      0.0000000000   -135.3369426618  -1192.3565869400     63.0371977613
    -0.0001648185     -0.0024666668      0.0000000000   -138.5062815885  -1190.3288685751     61.1283059471
    -0.0001395555     -0.0024014043      0.0000000000   -141.5764736954  -1188.3666568310     59.1529130245
    -0.0001163930     -0.0023379301      0.0000000000   -144.5441873395  -1186.4718887918     57.1134971057
    -0.0000952808     -0.0022763454      0.0000000000   -147.4062182571  -1184.6464163809     55.0125704204
    -0.0000761644     -0.0022167485      0.0000000000   -150.1594912445  -1182.8920066101     52.8526769506
    -0.0000589849     -0.0021592351      0.0000000000   -152.8010617218  -1181.2103418850     50.6363901669
    -0.0000436794     -0.0021038979      0.0000000000   -155.3281171829  -1179.6030203572     48.3663108642
    -0.0000301809     -0.0020508264      0.0000000000   -157.7379785374  -1178.0715563161     46.0450650947
    -0.0000184184     -0.0020001067      0.0000000000   -160.0281013500  -1176.6173806120     43.6753021999
    -0.0000083173     -0.0019518216      0.0000000000   -162.1960769816  -1175.2418411049     41.2596929376
     0.0000002006     -0.0019060498      0.0000000000   -164.2396336371  -1173.9462031303     38.8009277010
     0.0000072169     -0.0018628663      0.0000000000   -166.1566373246  -1172.7316499765     36.3017148299
     0.0000128165     -0.0018223422      0.0000000000   -167.9450927308  -1171.5992833661     33.7647790076
     0.0000170873     -0.0017845439      0.0000000000   -169.6031440166  -1170.5501239348     31.1928597426
     0.0000201202     -0.0017495341      0.0000000000   -171.1290755370  -1169.5851117041     28.5887099293
     0.0000220086     -0.0017173705      0.0000000000   -172.5213124899  -1168.7051065382     25.9550944842
     0.0000228486     -0.0016881064      0.0000000000   -173.7784214966  -1167.9108885841     23.2947890533
     0.0000227384     -0.0016617904      0.0000000000   -174.8991111182  -1167.2031586868     20.6105787834
     0.0000217782     -0.0016384662      0.0000000000   -175.8822323112  -1166.5825387765     17.9052571559
     0.0000200703     -0.0016181726      0.0000000000   -176.7267788241  -1166.0495722236     15.1816248738
     0.0000177183     -0.0016009434      0.0000000000   -177.4318875392  -1165.6047241573     12.4424887979
     0.0000148276     -0.0015868073      0.0000000000   -177.9968387607  -1165.2483817451      9.6906609263
     0.0000115045     -0.0015757880      0.0000000000   -178.4210564521  -1164.9808544303      6.9289574093
     0.0000078561     -0.0015679038      0.0000000000   -178.7041084237  -1164.8023741240      4.1601975957
     0.0000039906     -0.0015631678      0.0000000000   -178.8457064718  -1164.7130953518      1.3872031019
     0.0000000164     -0.0015615881      0.0000000000   -178.8457064718  -1164.7130953518     -1.3872031020
    -0.0000039578     -0.0015631673      0.0000000000   -178.7041084237  -1164.8023741240     -4.1601975957
    -0.0000078234     -0.0015679026      0.0000000000   -178.4210564521  -1164.9808544303     -6.9289574093
    -0.0000114717     -0.0015757863      0.0000000000   -177.9968387607  -1165.2483817451     -9.6906609263
    -0.0000147949     -0.0015868050      0.0000000000   -177.4318875392  -1165.6047241573    -12.4424887979
    -0.0000176857     -0.0016009405      0.0000000000   -176.7267788241  -1166.0495722236    -15.1816248737
    -0.0000200376     -0.0016181691      0.0000000000   -175.8822323112  -1166.5825387765    -17.9052571558
    -0.0000217456     -0.0016384622      0.0000000000   -174.8991111182  -1167.2031586868    -20.6105787833
    -0.0000227059     -0.0016617858      0.0000000000   -173.7784214966  -1167.9108885841    -23.2947890532
    -0.0000228162     -0.0016881013      0.0000000000   -172.5213124899  -1168.7051065382    -25.9550944843
    -0.0000219764     -0.0017173648      0.0000000000   -171.1290755370  -1169.5851117041    -28.5887099292
    -0.0000200880     -0.0017495278      0.0000000000   -169.6031440166  -1170.5501239348    -31.1928597425
    -0.0000170552     -0.0017845371      0.0000000000   -167.9450927308  -1171.5992833660    -33.7647790075
    -0.0000127845     -0.0018223348      0.0000000000   -166.1566373246  -1172.7316499766    -36.3017148298
    -0.0000071851     -0.0018628584      0.0000000000   -164.2396336371  -1173.9462031303    -38.8009277011
    -0.0000001689     -0.0019060413      0.0000000000   -162.1960769816  -1175.2418411049    -41.2596929375
     0.0000083488     -0.0019518125      0.0000000000   -160.0281013500  -1176.6173806121    -43.6753021999
     0.0000184497     -0.0020000971      0.0000000000   -157.7379785374  -1178.0715563161    -46.0450650946
     0.0000302120     -0.0020508162      0.0000000000   -155.3281171829  -1179.6030203572    -48.3663108641
     0.0000437104     -0.0021038872      0.0000000000   -152.8010617218  -1181.2103418849    -50.6363901670
     0.0000590157     -0.0021592239      0.0000000000   -150.1594912445  -1182.8920066101    -52.8526769506
     0.0000761950     -0.0022167367      0.0000000000   -147.4062182571  -1184.6464163810    -55.0125704203
     0.0000953112     -0.0022763331      0.0000000000   -144.5441873395  -1186.4718887918    -57.1134971057
     0.0001164231     -0.0023379173      0.0000000000   -141.5764736954  -1188.3666568308    -59.1529130244
     0.0001395854     -0.0024013909      0.0000000000   -138.5062815885  -1190.3288685752    -61.1283059472
     0.0001648482     -0.0024666529      0.0000000000   -135.3369426618  -1192.3565869401    -63.0371977613
     0.0001922572     -0.0025335999      0.0000000000   -132.0719141328  -1194.4477894925    -64.8771469352
     0.0002218535     -0.0026021265      0.0000000000   -128.7147768605  -1196.6003683326    -66.6457510808
     0.0002536736     -0.0026721252      0.0000000000   -125.2692332794  -1198.8121300558    -68.3406496150
     0.0002877492     -0.0027434869      0.0000000000   -121.7391051948  -1201.0807957992    -69.9595265167
     0.0003241075     -0.0028161012      0.0000000000   -118.1283314352  -1203.4040013846    -71.5001131782
     0.0003627706     -0.0028898563      0.0000000000   -114.4409653568  -1205.7792975600    -72.9601913472
     0.0004037558     -0.0029646395      0.0000000000   -110.6811721951  -1208.2041503543    -74.3375961578
     0.0004470757     -0.0030403373      0.0000000000   -106.8532262608  -1210.6759415467    -75.6302192449
     0.0004927379     -0.0031168357      0.0000000000   -102.9615079731  -1213.1919692613    -76.8360119384
     0.0005407452     -0.0031940205      0.0000000000    -99.0105007290  -1215.7494486952    -77.9529885325
     0.0005910956     -0.0032717774      0.0000000000    -95.0047876042  -1218.3455129819    -78.9792296249
     0.0006437822     -0.0033499922      0.0000000000    -90.9490478808  -1220.9772142046    -79.9128855186
     0.0006987934     -0.0034285513      0.0000000000    -86.8480534009  -1223.6415245594    -80.7521796824
     0.0007561127     -0.0035073418      0.0000000000    -82.7066647419  -1226.3353376752    -81.4954122611
     0.0008157192     -0.0035862514      0.0000000000    -78.5298272110  -1229.0554701020    -82.1409636292
     0.0008775873     -0.0036651692      0.0000000000    -74.3225666585  -1231.7986629643    -82.6872979800
     0.0009416869     -0.0037439856      0.0000000000    -70.0899850527  -1234.5615837933    -83.1329690330
     0.0011740054     -0.0040037735      0.0000000000    -65.8364552126  -1237.3411023289    -83.5079890189
     0.0014116191     -0.0042603207      0.0000000000    -61.5656165528  -1240.1342925485    -83.8110783692
     0.0016544337     -0.0045134686      0.0000000000    -57.2811718396  -1242.9381609168    -84.0410347156
     0.0019023500     -0.0047630618      0.0000000000    -52.9868831034  -1245.7496486295    -84.1967386299
     0.0021552637     -0.0050089481      0.0000000000    -48.6865673119  -1248.5656340387    -84.2771572557
     0.0024130661     -0.0052509788      0.0000000000    -44.3840918584  -1251.3829352876    -84.2813479200
     0.0026756436     -0.0054890085      0.0000000000    -40.0833698668  -1254.1983131296    -84.2084617072
     0.0029428784     -0.0057228959      0.0000000000    -35.7883553150  -1257.0084739563    -84.0577469893
     0.0032146483     -0.0059525034      0.0000000000    -31.5030379796  -1259.8100730213    -83.8285529013
     0.0034908272     -0.0061776976      0.0000000000    -27.2314382052  -1262.5997178586    -83.5203327472
     0.0037712850     -0.0063983494      0.0000000000    -22.9776015016  -1265.3739719115    -83.1326473301
     0.0040558877     -0.0066143341      0.0000000000    -18.7455929727  -1268.1293583470    -82.6651681912
     0.0043444982     -0.0068255312      0.0000000000    -14.5394915838  -1270.8623640712    -82.1176807497
     0.0046369757     -0.0070318253      0.0000000000    -10.3633842707  -1273.5694439412    -81.4900873292
     0.0049331766     -0.0072331056      0.0000000000     -6.2213598972  -1276.2470251597    -80.7824100616
     0.0052329542     -0.0074292662      0.0000000000     -2.1175030686  -1278.8915118635    -79.9947936556
     0.0055361591     -0.0076202060      0.0000000000      1.9441121928  -1281.4992898885    -79.1275080198
     0.0058426397     -0.0078058292      0.0000000000      5.9594289024  -1284.0667317145    -78.1809507282
     0.0061522420     -0.0079860451      0.0000000000      9.9244136894  -1286.5902015818    -77.1556493186
     0.0064648098     -0.0081607682      0.0000000000     13.8350634849  -1289.0660607687    -76.0522634098
     0.0067801855     -0.0083299182      0.0000000000     17.6874123146  -1291.4906730343    -74.8715866320
     0.0070982096     -0.0084934202      0.0000000000     21.4775381839  -1293.8604102013    -73.6145483565
     0.0074187216     -0.0086512048      0.0000000000     25.2015700466  -1296.1716578964    -72.2822152140
     0.0077415598     -0.0088032077      0.0000000000     28.8556948448  -1298.4208214055    -70.8757923955
     0.0080665615     -0.0089493702      0.0000000000     32.4361646100  -1300.6043316701    -69.3966247221
     0.0083935636     -0.0090896389      0.0000000000     35.9393036126  -1302.7186513872    -67.8461974791
     0.0087224025     -0.0092239660      0.0000000000     39.3615155472  -1304.7602812169    -66.2261370009
     0.0090529146     -0.0093523088      0.0000000000     42.6992907422  -1306.7257660864    -64.5382110036
     0.0093849362     -0.0094746301      0.0000000000     45.9492133787  -1308.6117015675    -62.7843286535
     0.0097183040     -0.0095908981      0.0000000000     49.1079687067  -1310.4147403286    -60.9665403658
     0.0100528552     -0.0097010862      0.0000000000     52.1723502435  -1312.1315986452    -59.0870373294
     0.0103884279     -0.0098051729      0.0000000000     55.1392669411  -1313.7590629518    -57.1481507476
     0.0107248610     -0.0099031420      0.0000000000     58.0057503071  -1315.2939964241    -55.1523507902
     0.0110619947     -0.0099949822      0.0000000000     60.7689614648  -1316.7333455790    -53.1022452569
     0.0113996705     -0.0100806875      0.0000000000     63.4261981374  -1318.0741468824    -51.0005779378
     0.0117377315     -0.0101602563      0.0000000000     65.9749015413  -1319.3135333405    -48.8502266831
     0.0120760226     -0.0102336922      0.0000000000     68.4126631722  -1320.4487410644    -46.6542011572
     0.0124143909     -0.0103010031      0.0000000000     70.7372314697  -1321.4771158013    -44.4156402984
     0.0127526852     -0.0103622016      0.0000000000     72.9465183440  -1322.3961194075    -42.1378094668
     0.0130907570     -0.0104173048      0.0000000000     75.0386055487  -1323.2033362450    -39.8240972858
     0.0134284601     -0.0104663339      0.0000000000     77.0117508854  -1323.8964795005    -37.4780121735
     0.0137656511     -0.0105093142      0.0000000000     78.8643942228  -1324.4733974003    -35.1031785744
     0.0141021892     -0.0105462749      0.0000000000     80.5951633157  -1324.9320793068    -32.7033328749
     0.0144379366     -0.0105772493      0.0000000000     82.2028794078  -1325.2706616824    -30.2823190278
     0.0147727586     -0.0106022739      0.0000000000     83.6865626038  -1325.4874339095    -27.8440838685
     0.0151065237     -0.0106213891      0.0000000000     85.0454369940  -1325.5808439474    -25.3926721377
     0.0154391036     -0.0106346382      0.0000000000     86.2789355185  -1325.5495038033    -22.9322212146
     0.0157703734     -0.0106420678      0.0000000000     87.3867031906  -1325.3983176327    -20.4669021294
     0.0161002115     -0.0106437276      0.0000000000     88.3685850299  -1325.1384756198    -18.0003795275
     0.0164285001     -0.0106396697      0.0000000000     89.2246000807  -1324.7751833844    -15.5358065414
     0.0167551248     -0.0106299492      0.0000000000     89.9549288214  -1324.3076554697    -13.0763545631
     0.0170799749     -0.0106146233      0.0000000000     90.5599153414  -1323.7352426633    -10.6252619984
     0.0174029433     -0.0105937515      0.0000000000     91.0400706359  -1323.0574362998     -8.1858293293
     0.0177239268     -0.0105673952      0.0000000000     91.3960756427  -1322.2738723584     -5.7614139316
     0.0180428258     -0.0105356179      0.0000000000     91.6287840082  -1321.3843353411     -3.3554246553
     0.0183595444     -0.0104984844      0.0000000000     91.7392245713  -1320.3887619079     -0.9713161786
     0.0186739906     -0.0104560612      0.0000000000     91.7286035529  -1319.2872442668      1.3874168645
     0.0189860760     -0.0104084159      0.0000000000     91.5983064406  -1318.0800333135      3.7172459531
     0.0192957159     -0.0103556174      0.0000000000     91.3498995588  -1316.7675414757      6.0146149550
     0.0196028296     -0.0102977352      0.0000000000     90.9851313130  -1315.3503453015      8.2759465859
     0.0199073396     -0.0102348399      0.0000000000     90.5059331006  -1313.8291877303     10.4976490447
     0.0202091725     -0.0101670025      0.0000000000     89.9144198784  -1312.2049800834     12.6761227982
     0.0205082580     -0.0100942944      0.0000000000     89.2128903805  -1310.4788037162     14.8077675313
     0.0208045296     -0.0100167873      0.0000000000     88.4038269772  -1308.6519113720     16.8889892135
     0.0210979242     -0.0099345530      0.0000000000     87.4898949934  -1306.7257281886     18.9162142514
     0.0206088070     -0.0100934623      0.0000000000     86.4712784609  -1304.7009416682     20.9902261064
     0.0201211038     -0.0102613560      0.0000000000     85.3456804883  -1302.5775025661     23.1074366786
     0.0196349966     -0.0104382269      0.0000000000     84.1109882451  -1300.3555366841     25.2642231042
     0.0191506689     -0.0106240629      0.0000000000     82.7652743659  -1298.0353456148     27.4569422637
     0.0186683063     -0.0108188473      0.0000000000     81.3067977901  -1295.6174071151     29.6819383910
     0.0181880955     -0.0110225586      0.0000000000     79.7340042122  -1293.1023751179     31.9355507265
     0.0177102252     -0.0112351704      0.0000000000     78.0455261412  -1290.4910793824     34.2141211900
     0.0172348851     -0.0114566511      0.0000000000     76.2401825669  -1287.7845247574     36.5140020701
     0.0167622663     -0.0116869638      0.0000000000     74.3169782356  -1284.9838901149     38.8315636948
     0.0162925610     -0.0119260664      0.0000000000     72.2751025332  -1282.0905268641     41.1632020807
     0.0158259621     -0.0121739114      0.0000000000     70.1139279799  -1279.1059571297     43.5053465417
     0.0153626635     -0.0124304454      0.0000000000     67.8330083380  -1276.0318715511     45.8544672256
     0.0149028595     -0.0126956097      0.0000000000     65.4320763367  -1272.8701267167     48.2070825829
     0.0144467450     -0.0129693398      0.0000000000     62.9110410180  -1269.6227422296     50.5597667361
     0.0139945150     -0.0132515650      0.0000000000     60.2699847097  -1266.2918974194     52.9091567316
     0.0135463644     -0.0135422092      0.0000000000     57.5091167088  -1262.8799130278     55.2536412294
     0.0131024882     -0.0138411898      0.0000000000     54.6288241596  -1259.3892658877     57.5878640441
     0.0126630807     -0.0141484184      0.0000000000     51.6297109000  -1255.8225992790     59.9086919163
     0.0122283359     -0.0144638004      0.0000000000     48.5125461754  -1252.1827022424     62.2127779311
     0.0117984468     -0.0147872351      0.0000000000     45.2782403168  -1248.4724979029     64.4979416774
     0.0113736053     -0.0151186154      0.0000000000     41.9289570902  -1244.6954202090     66.7172576160
     0.0109540027     -0.0154578279      0.0000000000     38.4698351164  -1240.8559986952     68.8011051106
     0.0105398289     -0.0158047525      0.0000000000     34.9078570456  -1236.9594679097     70.7468610693
     0.0101312720     -0.0161592627      0.0000000000     31.2501344403  -1233.0111768642     72.5520981854
     0.0097285180     -0.0165212261      0.0000000000     27.5038976404  -1229.0165812334     74.2145903990
     0.0093317504     -0.0168905041      0.0000000000     23.6764853588  -1224.9812353071     75.7323180396
     0.0089411500     -0.0172669522      0.0000000000     19.7753340222  -1220.9107836561     77.1034726271
     0.0085568943     -0.0176504201      0.0000000000     15.8079668764  -1216.8109525977     78.3264613271
     0.0081791577     -0.0180407517      0.0000000000     11.7819828729  -1212.6875414188     79.3999110460
     0.0078081107     -0.0184377856      0.0000000000      7.7050453557  -1208.5464134014     80.3226721551
     0.0074439202     -0.0188413547      0.0000000000      3.5848705687  -1204.3934866616     81.0938218288
     0.0070867488     -0.0192512869      0.0000000000     -0.5707839983  -1200.2347248107     81.7126669969
     0.0067367545     -0.0196674052      0.0000000000     -4.7541314037  -1196.0761274761     82.1787468932
     0.0063940910     -0.0200895276      0.0000000000     -8.9573671682  -1191.9237206698     82.4918351967
     0.0060589067     -0.0205174677      0.0000000000    -13.1726812865  -1187.7835470588     82.6519417567
     0.0057313451     -0.0209510347      0.0000000000    -17.3922703182  -1183.6616561162     82.6593138974
     0.0054115446     -0.0213900337      0.0000000000    -21.6083495326  -1179.5640942204     82.5144372985
     0.0050996376     -0.0218342660      0.0000000000    -25.8131650884  -1175.4968946657     82.2180364328
     0.0047957511     -0.0222835294      0.0000000000    -29.9990062244  -1171.4660676566     81.7710745877
     0.0045000063     -0.0227376181      0.0000000000    -34.1582174406  -1167.4775902698     81.1747534308
     0.0042125182     -0.0231963237      0.0000000000    -38.2832106444  -1163.5373964204     80.4305121465
     0.0039333958     -0.0236594347      0.0000000000    -42.3664772437  -1159.6513668498     79.5400261315
     0.0036627416     -0.0241267374      0.0000000000    -46.4006001606  -1155.8253191521     78.5052052483
     0.0034006520     -0.0245980158      0.0000000000    -50.3782657447  -1152.0649978567     77.3281916404
     0.0031472168     -0.0250730521      0.0000000000    -54.2922755651  -1148.3760646033     76.0113571144
     0.0029025192     -0.0255516270      0.0000000000    -58.1355580562  -1144.7640884083     74.5573000862
     0.0026666360     -0.0260335200      0.0000000000    -61.9011799974  -1141.2345360532     72.9688420922
     0.0024396370     -0.0265185095      0.0000000000    -65.5823578040  -1137.7927626211     71.2490238960
     0.0022215857     -0.0270063736      0.0000000000    -69.1724686079  -1134.4440021810     69.4011011477
     0.0020125387     -0.0274968898      0.0000000000    -72.6650611074  -1131.1933586609     67.4285396631
     0.0018125460     -0.0279898357      0.0000000000    -76.0538661642  -1128.0457969205     65.3350102705
     0.0016216510     -0.0284849892      0.0000000000    -79.3328071288  -1125.0061340297     63.1243832870
     0.0014398904     -0.0289821291      0.0000000000    -82.4960098729  -1122.0790307945     60.8007225913
     0.0012672943     -0.0294810346      0.0000000000    -85.5378125104  -1119.2689835313     58.3682793359
     0.0011038865     -0.0299814865      0.0000000000    -88.4527747875  -1116.5803161064     55.8314852837
     0.0009496843     -0.0304832671      0.0000000000    -91.2356871243  -1114.0171722714     53.1949458026
     0.0008046986     -0.0309861603      0.0000000000    -93.8815792898  -1111.5835082928     50.4634325195
     0.0006689344     -0.0314899520      0.0000000000    -96.3857286935  -1109.2830859080     47.6418756410
     0.0005423903     -0.0319944308      0.0000000000    -98.7436682770  -1107.1194656081     44.7353559791
     0.0004250593     -0.0324993875      0.0000000000   -100.9511939918  -1105.0960002712     41.7490966688
     0.0003169285     -0.0330046160      0.0000000000   -103.0043718459  -1103.2158291588     38.6884546151
     0.0002179793     -0.0335099129      0.0000000000   -104.8995445076  -1101.4818722797     35.5589116660
     0.0001281880     -0.0340150786      0.0000000000   -106.6333374529  -1099.8968251488     32.3660655492
     0.0000475254     -0.0345199167      0.0000000000   -108.2026646437  -1098.4631539336     29.1156205816
    -0.0000240426     -0.0350242344      0.0000000000   -109.6047336197  -1097.1830910140     25.8133739671
    -0.0000222436     -0.0350393502      0.0000000000   -110.8370497783  -1096.0586311775     22.4651977168
    -0.0000199675     -0.0350525242      0.0000000000   -111.8974205846  -1095.0915280167     19.0770539447
    -0.0000172793     -0.0350637251      0.0000000000   -112.7839597013  -1094.2832905434     15.6549764648
    -0.0000142451     -0.0350729263      0.0000000000   -113.4950902820  -1093.6351804628     12.2050564321
    -0.0000109327     -0.0350801057      0.0000000000   -114.0295476372  -1093.1482098898      8.7334320822
    -0.0000074108     -0.0350852463      0.0000000000   -114.3863813726  -1092.8231395181      5.2462783646
    -0.0000037487     -0.0350883357      0.0000000000   -114.5649569974  -1092.6604772431      1.7497965002
