    -0.0000000095     -0.0356995587      0.0000000000   -115.1967258846  -1098.1883994864     -1.7627997587
     0.0000037417     -0.0356985227      0.0000000000   -115.0168233292  -1098.3524240531     -5.2852603955
     0.0000074223     -0.0356954167      0.0000000000   -114.6573385643  -1098.6802169093     -8.7983096935
     0.0000109620     -0.0356902481      0.0000000000   -114.1189117403  -1099.1712659627    -12.2956910963
     0.0000142910     -0.0356830295      0.0000000000   -113.4025017304  -1099.8248042322    -15.7711745178
     0.0000173402     -0.0356737780      0.0000000000   -112.5093845116  -1100.6398112327    -19.2185668476
     0.0000200416     -0.0356625157      0.0000000000   -111.4411510099  -1101.6150148177    -22.6317224011
     0.0000223286     -0.0356492695      0.0000000000   -110.1997044156  -1102.7488934765    -26.0045532627
     0.0000241360     -0.0356340709      0.0000000000   -108.7872568636  -1104.0396790746    -29.3310437878
    -0.0000489069     -0.0351197554      0.0000000000   -107.2063252676  -1105.4853602685    -32.6052692674
    -0.0001312203     -0.0346049368      0.0000000000   -105.4597270801  -1107.0836861257    -35.8213801856
    -0.0002228381     -0.0340898111      0.0000000000   -103.5505759853  -1108.8321699515    -38.9736205466
    -0.0003237892     -0.0335745780      0.0000000000   -101.4822767718  -1110.7280937574    -42.0563417290
    -0.0004340970     -0.0330594406      0.0000000000    -99.2585196117  -1112.7685131435    -45.0640118526
    -0.0005537797     -0.0325446056      0.0000000000    -96.8832738681  -1114.9502625706    -47.9912249072
    -0.0006828497     -0.0320302824      0.0000000000    -94.3607814418  -1117.2699610372    -50.8327096587
    -0.0008213134     -0.0315166836      0.0000000000    -91.6955496721  -1119.7240181116    -53.5833382478
    -0.0009691716     -0.0310040241      0.0000000000    -88.8923438029  -1122.3086403499    -56.2381345586
    -0.0011264187     -0.0304925213      0.0000000000    -85.9561790321  -1125.0198380447    -58.7922822500
    -0.0012930429     -0.0299823945      0.0000000000    -82.8923121569  -1127.8534323187    -61.2411324953
    -0.0014690260     -0.0294738650      0.0000000000    -79.7062328334  -1130.8050625444    -63.5802113919
    -0.0016543434     -0.0289671555      0.0000000000    -76.4036544660  -1133.8701940512    -65.8052270256
    -0.0018489639     -0.0284624898      0.0000000000    -72.9905047456  -1137.0441261459    -67.9120761909
    -0.0020528497     -0.0279600927      0.0000000000    -69.4729158541  -1140.3220003792    -69.8968507371
    -0.0022659563     -0.0274601898      0.0000000000    -65.8572143539  -1143.6988090913    -71.7558435386
    -0.0024882323     -0.0269630066      0.0000000000    -62.1499107831  -1147.1694041734    -73.4855540889
    -0.0027196199     -0.0264687688      0.0000000000    -58.3576889753  -1150.7285060659    -75.0826936837
    -0.0029600543     -0.0259777019      0.0000000000    -54.4873951249  -1154.3707129431    -76.5441902050
    -0.0032094640     -0.0254900306      0.0000000000    -50.5460266185  -1158.0905100865    -77.8671924896
    -0.0034677708     -0.0250059788      0.0000000000    -46.5407206546  -1161.8822794195    -79.0490742839
    -0.0037348898     -0.0245257688      0.0000000000    -42.4787426719  -1165.7403091795    -80.0874377607
    -0.0040107295     -0.0240496217      0.0000000000    -38.3674746091  -1169.6588037164    -80.9801166123
    -0.0042951918     -0.0235777567      0.0000000000    -34.2144030181  -1173.6318933954    -81.7251787086
    -0.0045881724     -0.0231103905      0.0000000000    -30.0271070525  -1177.6536445728    -82.3209283122
    -0.0048895602     -0.0226477377      0.0000000000    -25.8132463544  -1181.7180696460    -82.7659078516
    -0.0051992383     -0.0221900098      0.0000000000    -21.5805488620  -1185.8191371318    -83.0588992612
    -0.0055170836     -0.0217374155      0.0000000000    -17.3367985599  -1189.9507817834    -83.1989248659
    -0.0058429669     -0.0212901599      0.0000000000    -13.0898231958  -1194.1069146875    -83.1852478335
    -0.0061767535     -0.0208484446      0.0000000000     -8.8474819850  -1198.2814333615    -83.0173721843
    -0.0065183030     -0.0204124675      0.0000000000     -4.6176533260  -1202.4682317959    -82.6950423605
    -0.0068674695     -0.0199824219      0.0000000000     -0.4082225486  -1206.6612104492    -82.2182423643
    -0.0072241022     -0.0195584972      0.0000000000      3.7729302824  -1210.8542861635    -81.5871944652
    -0.0075880452     -0.0191408777      0.0000000000      7.9179424872  -1215.0414019747    -80.8023574855
    -0.0079591378     -0.0187297434      0.0000000000     12.0189807923  -1219.2165368148    -79.8644246603
    -0.0083372150     -0.0183252687      0.0000000000     16.0682532326  -1223.3737150694    -78.7743210978
    -0.0087221075     -0.0179276231      0.0000000000     20.0580209135  -1227.5070159982    -77.5332008263
    -0.0091136422     -0.0175369706      0.0000000000     23.9806096112  -1231.6105829686    -76.1424434522
    -0.0095116420     -0.0171534695      0.0000000000     27.8284211943  -1235.6786325048    -74.6036504319
    -0.0099159267     -0.0167772723      0.0000000000     31.5939448440  -1239.7054631414    -72.9186409714
    -0.0103263129     -0.0164085259      0.0000000000     35.2697680566  -1243.6854640430    -71.0894475605
    -0.0107426143     -0.0160473709      0.0000000000     38.8485874086  -1247.6131233966    -69.1183111539
    -0.0111646424     -0.0156939419      0.0000000000     42.3232190671  -1251.4830365486    -67.0076760204
    -0.0115922061     -0.0153483671      0.0000000000     45.6866090296  -1255.2899138776    -64.7601842579
    -0.0120251127     -0.0150107687      0.0000000000     48.9336998143  -1259.0292231944    -62.4514116595
    -0.0124631683     -0.0146812620      0.0000000000     52.0624609030  -1262.6975460432    -60.1243700896
    -0.0129061782     -0.0143599556      0.0000000000     55.0720537524  -1266.2919541450    -57.7827457931
    -0.0133539465     -0.0140469521      0.0000000000     57.9617875099  -1269.8096559642    -55.4286386284
    -0.0138062764     -0.0137423477      0.0000000000     60.7311053775  -1273.2479954395    -53.0652005955
    -0.0142629707     -0.0134462324      0.0000000000     63.3796135125  -1276.6044650651    -50.6956638197
    -0.0147238317     -0.0131586900      0.0000000000     65.9070914153  -1279.8767123861    -48.3235872527
    -0.0151886615     -0.0128797985      0.0000000000     68.3134958413  -1283.0625440948    -45.9523562776
    -0.0156572621     -0.0126096295      0.0000000000     70.5989579909  -1286.1599275861    -43.5854197644
    -0.0161294359     -0.0123482492      0.0000000000     72.7637865648  -1289.1669942784    -41.2262827832
    -0.0166049857     -0.0120957174      0.0000000000     74.8084704437  -1292.0820425966    -38.8784991969
    -0.0170837147     -0.0118520886      0.0000000000     76.7336809876  -1294.9035405689    -36.5456641582
    -0.0175654270     -0.0116174115      0.0000000000     78.5402739505  -1297.6301280697    -34.2314065284
    -0.0180499275     -0.0113917293      0.0000000000     80.2292910059  -1300.2606186871    -31.9393812307
    -0.0185370222     -0.0111750799      0.0000000000     81.8019608807  -1302.7940012143    -29.6732615591
    -0.0190265185     -0.0109674958      0.0000000000     83.2597000962  -1305.2294407820    -27.4367314595
    -0.0195182248     -0.0107690043      0.0000000000     84.6041133147  -1307.5662796083    -25.2334777964
    -0.0200119514     -0.0105796279      0.0000000000     85.8369932912  -1309.8040373711    -23.0671826362
    -0.0205075098     -0.0103993839      0.0000000000     86.9603204319  -1311.9424112442    -20.9415155404
    -0.0210047136     -0.0102282851      0.0000000000     87.9762619602  -1313.9812755234    -18.8601259125
    -0.0215033779     -0.0100663396      0.0000000000     88.8871705129  -1315.9206809266    -16.8266282951
    -0.0212037730     -0.0101503875      0.0000000000     89.6928654617  -1317.7599244448    -14.7381621779
    -0.0209012524     -0.0102296018      0.0000000000     90.3906325744  -1319.4975484971    -12.5983288120
    -0.0205958811     -0.0103039097      0.0000000000     90.9779420181  -1321.1322693457    -10.4107511884
    -0.0202877274     -0.0103732389      0.0000000000     91.4524491035  -1322.6629761351     -8.1790596959
    -0.0199768635     -0.0104375172      0.0000000000     91.8119944804  -1324.0887295753     -5.9068849944
    -0.0196633650     -0.0104966728      0.0000000000     92.0546039727  -1325.4087603114     -3.5978510117
    -0.0193473111     -0.0105506346      0.0000000000     92.1784880601  -1326.6224669728     -1.2555680994
    -0.0190287846     -0.0105993322      0.0000000000     92.1820410142  -1327.7294139198      1.1163736645
    -0.0187078723     -0.0106426964      0.0000000000     92.0638396973  -1328.7293286944      3.5144109880
    -0.0183846645     -0.0106806588      0.0000000000     91.8226420327  -1329.6220991845      5.9350137037
    -0.0180592554     -0.0107131526      0.0000000000     91.4573851580  -1330.4077705148      8.3746909016
    -0.0177317429     -0.0107401122      0.0000000000     90.9671832688  -1331.0865416690     10.8299968551
    -0.0174022287     -0.0107614740      0.0000000000     90.3513251670  -1331.6587618726     13.2975367382
    -0.0170708183     -0.0107771759      0.0000000000     89.6092715220  -1332.1249267290     15.7739720982
    -0.0167376209     -0.0107871582      0.0000000000     88.7406518590  -1332.4856741339     18.2560261070
    -0.0164027494     -0.0107913633      0.0000000000     87.7452612857  -1332.7417799709     20.7404885547
    -0.0160663203     -0.0107897359      0.0000000000     86.6230583339  -1332.8880308172     23.2241671663
    -0.0157284539     -0.0107822236      0.0000000000     85.3741775652  -1332.9132304346     25.7033578803
    -0.0153892738     -0.0107687765      0.0000000000     83.9989555651  -1332.8124703854     28.1738500526
    -0.0150489074     -0.0107493480      0.0000000000     82.4979430180  -1332.5871361365     30.6314665432
    -0.0147074850     -0.0107238946      0.0000000000     80.8719014899  -1332.2387789650     33.0721227713
    -0.0143651407     -0.0106923760      0.0000000000     79.1217985671  -1331.7691104731     35.4918320412
    -0.0140220115     -0.0106547555      0.0000000000     77.2488027302  -1331.1799969296     37.8867105852
    -0.0136782375     -0.0106110001      0.0000000000     75.2542779791  -1330.4734534350     40.2529823022
    -0.0133339619     -0.0105610806      0.0000000000     73.1397782226  -1329.6516379484     42.5869831990
    -0.0129893304     -0.0105049719      0.0000000000     70.9070414505  -1328.7168451745     44.8851655299
    -0.0126444917     -0.0104426531      0.0000000000     68.5579837002  -1327.6715003282     47.1441016279
    -0.0122995968     -0.0103741074      0.0000000000     66.0946928379  -1326.5181528018     49.3604874289
    -0.0119547991     -0.0102993226      0.0000000000     63.5194221656  -1325.2594697410     51.5311456865
    -0.0116102541     -0.0102182911      0.0000000000     60.8345838733  -1323.8982295526     53.6530288837
    -0.0112661192     -0.0101310099      0.0000000000     58.0427423499  -1322.4373153451     55.7232218282
    -0.0109225540     -0.0100374811      0.0000000000     55.1466073690  -1320.8797083370     57.7389439489
    -0.0105797191     -0.0099377113      0.0000000000     52.1490271665  -1319.2284812322     59.6975512833
    -0.0102377770     -0.0098317125      0.0000000000     49.0529814228  -1317.4867915865     61.5965381671
    -0.0098968911     -0.0097195018      0.0000000000     45.8615741677  -1315.6578751698     63.4335386235
    -0.0095572259     -0.0096011013      0.0000000000     42.5780266209  -1313.7450393455     65.2063274586
    -0.0092189465     -0.0094765384      0.0000000000     39.2056699849  -1311.7516564871     66.9128210689
    -0.0088822188     -0.0093458461      0.0000000000     35.7479382032  -1309.6811574217     68.5510779642
    -0.0085472087     -0.0092090626      0.0000000000     32.2083606989  -1307.5370249475     70.1192990145
    -0.0082140824     -0.0090662314      0.0000000000     28.5905551082  -1305.3227874012     71.6158274233
    -0.0078830058     -0.0089174017      0.0000000000     24.8982200212  -1303.0420123154     73.0391484389
    -0.0075541444     -0.0087626280      0.0000000000     21.1351277448  -1300.6983001688     74.3878888090
    -0.0072276633     -0.0086019704      0.0000000000     17.3051170994  -1298.2952782321     75.6608159861
    -0.0069037264     -0.0084354943      0.0000000000     13.4120862617  -1295.8365945308     76.8568370938
    -0.0065824968     -0.0082632708      0.0000000000      9.4599856675  -1293.3259119329     77.9749976634
    -0.0062641360     -0.0080853762      0.0000000000      5.4528109834  -1290.7669023606     79.0144801458
    -0.0059488041     -0.0079018922      0.0000000000      1.3945961605  -1288.1632411571     79.9746022159
    -0.0056366593     -0.0077129061      0.0000000000     -2.7105934204  -1285.5186015885     80.8548148725
    -0.0053278579     -0.0075185102      0.0000000000     -6.8586677016  -1282.8366495100     81.6547003473
    -0.0050225538     -0.0073188021      0.0000000000    -11.0455185899  -1280.1210381977     82.3739698331
    -0.0047208984     -0.0071138846      0.0000000000    -15.2670264778  -1277.3754033468     83.0124610428
    -0.0044230404     -0.0069038656      0.0000000000    -19.5190666364  -1274.6033582451     83.5701356089
    -0.0041291257     -0.0066888577      0.0000000000    -23.7975154706  -1271.8084891343     84.0470763334
    -0.0038392967     -0.0064689785      0.0000000000    -28.0982566318  -1268.9943507512     84.4434843035
    -0.0035536929     -0.0062443503      0.0000000000    -32.4171869794  -1266.1644620576     84.7596758810
    -0.0032724499     -0.0060151001      0.0000000000    -36.7502223856  -1263.3223021709     84.9960795761
    -0.0029956996     -0.0057813591      0.0000000000    -41.0933033784  -1260.4713064781     85.1532328199
    -0.0027235700     -0.0055432629      0.0000000000    -45.4424006174  -1257.6148629604     85.2317786457
    -0.0024561851     -0.0053009515      0.0000000000    -49.7935201979  -1254.7563087048     85.2324622893
    -0.0021936643     -0.0050545685      0.0000000000    -54.1427087796  -1251.8989266221     85.1561277198
    -0.0019361228     -0.0048042615      0.0000000000    -58.4860585376  -1249.0459423612     85.0037141137
    -0.0016836708     -0.0045501817      0.0000000000    -62.8197119308  -1246.2005214215     84.7762522814
    -0.0014364142     -0.0042924839      0.0000000000    -67.1398662882  -1243.3657664679     84.4748610561
    -0.0011944535     -0.0040313260      0.0000000000    -71.4427782094  -1240.5447148340     84.1007436590
    -0.0009578844     -0.0037668690      0.0000000000    -75.7247677252  -1237.7403362259     83.6551819150
    -0.0008927445     -0.0036868461      0.0000000000    -79.9814063087  -1234.9558096413     83.1075676872
    -0.0008298730     -0.0036067224      0.0000000000    -84.2075212135  -1232.1945212793     82.4593527417
    -0.0007693003     -0.0035266092      0.0000000000    -88.3980161377  -1229.4597834387     81.7120801928
    -0.0007110522     -0.0034466191      0.0000000000    -92.5478757403  -1226.7548326194     80.8673787425
    -0.0006551496     -0.0033668657      0.0000000000    -96.6521699188  -1224.0828278049     79.9269590762
    -0.0006016090     -0.0032874638      0.0000000000   -100.7060579028  -1221.4468489109     78.8926102923
    -0.0005504420     -0.0032085285      0.0000000000   -104.7047921675  -1218.8498953997     77.7661963728
    -0.0005016554     -0.0031301757      0.0000000000   -108.6437221671  -1216.2948850555     76.5496527011
    -0.0004552511     -0.0030525212      0.0000000000   -112.5182978928  -1213.7846529100     75.2449826382
    -0.0004112260     -0.0029756809      0.0000000000   -116.3240732572  -1211.3219503153     73.8542541577
    -0.0003695722     -0.0028997704      0.0000000000   -120.0567093082  -1208.9094441597     72.3795965495
    -0.0003302769     -0.0028249048      0.0000000000   -123.7119772778  -1206.5497162113     70.8231971971
    -0.0002933223     -0.0027511984      0.0000000000   -127.2857614665  -1204.2452625914     69.1872984322
    -0.0002586857     -0.0026787645      0.0000000000   -130.7740619711  -1201.9984933647     67.4741944716
    -0.0002263395     -0.0026077153      0.0000000000   -134.1729972569  -1199.8117322403     65.6862284406
    -0.0001962514     -0.0025381612      0.0000000000   -137.4788065809  -1197.6872163767     63.8257894854
    -0.0001683843     -0.0024702113      0.0000000000   -140.6878522702  -1195.6270962808     61.8953099791
    -0.0001426963     -0.0024039725      0.0000000000   -143.7966218594  -1193.6334357967     59.8972628205
    -0.0001191409     -0.0023395496      0.0000000000   -146.8017300931  -1191.7082121729     57.8341588304
    -0.0000976672     -0.0022770450      0.0000000000   -149.6999207978  -1189.8533162010     55.7085442457
    -0.0000782195     -0.0022165586      0.0000000000   -152.4880686288  -1188.0705524205     53.5229983107
    -0.0000607383     -0.0021581874      0.0000000000   -155.1631806957  -1186.3616393781     51.2801309682
    -0.0000451594     -0.0021020254      0.0000000000   -157.7223980735  -1184.7282099369     48.9825806476
    -0.0000314149     -0.0020481634      0.0000000000   -160.1629972029  -1183.1718116265     46.6330121509
    -0.0000194326     -0.0019966887      0.0000000000   -162.4823911849  -1181.6939070266     44.2341146350
    -0.0000091368     -0.0019476851      0.0000000000   -164.6781309753  -1180.2958741782     41.7885996877
    -0.0000004482     -0.0019012326      0.0000000000   -166.7479064826  -1178.9790070127     39.2991994957
     0.0000067163     -0.0018574072      0.0000000000   -168.6895475756  -1177.7445157960     36.7686651027
     0.0000124428     -0.0018162809      0.0000000000   -170.5010250037  -1176.5935275769     34.1997647526
     0.0000168206     -0.0017779213      0.0000000000   -172.1804512342  -1175.5270866368     31.5952823165
     0.0000199419     -0.0017423917      0.0000000000   -173.7260812129  -1174.5461549333     28.9580157975
     0.0000219015     -0.0017097507      0.0000000000   -175.1363130485  -1173.6516125317     26.2907759104
     0.0000227970     -0.0016800524      0.0000000000   -176.4096886274  -1172.8442580207     23.5963847315
     0.0000227280     -0.0016533461      0.0000000000   -177.5448941608  -1172.1248089058     20.8776744125
     0.0000217963     -0.0016296760      0.0000000000   -178.5407606680  -1171.4939019766     18.1374859553
     0.0000201058     -0.0016090816      0.0000000000   -179.3962643977  -1170.9520936444     15.3786680396
     0.0000177616     -0.0015915970      0.0000000000   -180.1105271921  -1170.4998602454     12.6040758992
     0.0000148705     -0.0015772515      0.0000000000   -180.6828167931  -1170.1375983065      9.8165702415
     0.0000115406     -0.0015660689      0.0000000000   -181.1125470955  -1169.8656247716      7.0190162019
     0.0000078806     -0.0015580679      0.0000000000   -181.3992783474  -1169.6841771854      4.2142823291
     0.0000040002     -0.0015532620      0.0000000000   -181.5427172981  -1169.5934138329      1.4052395924
     0.0000000095     -0.0015516590      0.0000000000   -181.5427172981  -1169.5934138329     -1.4052395924
    -0.0000039813     -0.0015532616      0.0000000000   -181.3992783474  -1169.6841771854     -4.2142823291
    -0.0000078617     -0.0015580673      0.0000000000   -181.1125470955  -1169.8656247716     -7.0190162019
    -0.0000115217     -0.0015660679      0.0000000000   -180.6828167930  -1170.1375983065     -9.8165702415
    -0.0000148516     -0.0015772502      0.0000000000   -180.1105271921  -1170.4998602454    -12.6040758992
    -0.0000177427     -0.0015915953      0.0000000000   -179.3962643977  -1170.9520936444    -15.3786680396
    -0.0000200869     -0.0016090796      0.0000000000   -178.5407606680  -1171.4939019766    -18.1374859554
    -0.0000217775     -0.0016296737      0.0000000000   -177.5448941608  -1172.1248089057    -20.8776744125
    -0.0000227092     -0.0016533435      0.0000000000   -176.4096886274  -1172.8442580207    -23.5963847315
    -0.0000227783     -0.0016800495      0.0000000000   -175.1363130485  -1173.6516125317    -26.2907759104
    -0.0000218829     -0.0017097474      0.0000000000   -173.7260812129  -1174.5461549333    -28.9580157975
    -0.0000199233     -0.0017423881      0.0000000000   -172.1804512342  -1175.5270866368    -31.5952823165
    -0.0000168021     -0.0017779174      0.0000000000   -170.5010250037  -1176.5935275769    -34.1997647526
    -0.0000124244     -0.0018162767      0.0000000000   -168.6895475756  -1177.7445157960    -36.7686651027
    -0.0000066980     -0.0018574027      0.0000000000   -166.7479064826  -1178.9790070127    -39.2991994957
     0.0000004665     -0.0019012277      0.0000000000   -164.6781309753  -1180.2958741782    -41.7885996878
     0.0000091551     -0.0019476799      0.0000000000   -162.4823911849  -1181.6939070267    -44.2341146351
     0.0000194507     -0.0019966832      0.0000000000   -160.1629972029  -1183.1718116265    -46.6330121510
     0.0000314329     -0.0020481575      0.0000000000   -157.7223980735  -1184.7282099369    -48.9825806476
     0.0000451773     -0.0021020193      0.0000000000   -155.1631806956  -1186.3616393781    -51.2801309682
     0.0000607561     -0.0021581809      0.0000000000   -152.4880686288  -1188.0705524206    -53.5229983108
     0.0000782372     -0.0022165518      0.0000000000   -149.6999207978  -1189.8533162010    -55.7085442457
     0.0000976847     -0.0022770379      0.0000000000   -146.8017300931  -1191.7082121728    -57.8341588304
     0.0001191584     -0.0023395422      0.0000000000   -143.7966218594  -1193.6334357968    -59.8972628205
     0.0001427136     -0.0024039648      0.0000000000   -140.6878522702  -1195.6270962807    -61.8953099791
     0.0001684015     -0.0024702033      0.0000000000   -137.4788065809  -1197.6872163768    -63.8257894854
     0.0001962685     -0.0025381529      0.0000000000   -134.1729972569  -1199.8117322404    -65.6862284404
     0.0002263564     -0.0026077067      0.0000000000   -130.7740619711  -1201.9984933647    -67.4741944716
     0.0002587024     -0.0026787556      0.0000000000   -127.2857614665  -1204.2452625914    -69.1872984323
     0.0002933388     -0.0027511892      0.0000000000   -123.7119772778  -1206.5497162112    -70.8231971970
     0.0003302933     -0.0028248953      0.0000000000   -120.0567093082  -1208.9094441597    -72.3795965495
     0.0003695884     -0.0028997606      0.0000000000   -116.3240732572  -1211.3219503154    -73.8542541576
     0.0004112421     -0.0029756708      0.0000000000   -112.5182978928  -1213.7846529100    -75.2449826382
     0.0004552670     -0.0030525109      0.0000000000   -108.6437221671  -1216.2948850556    -76.5496527010
     0.0005016711     -0.0031301651      0.0000000000   -104.7047921675  -1218.8498953998    -77.7661963727
     0.0005504576     -0.0032085176      0.0000000000   -100.7060579028  -1221.4468489107    -78.8926102924
     0.0006016244     -0.0032874526      0.0000000000    -96.6521699188  -1224.0828278050    -79.9269590762
     0.0006551647     -0.0033668543      0.0000000000    -92.5478757403  -1226.7548326194    -80.8673787424
     0.0007110671     -0.0034466074      0.0000000000    -88.3980161377  -1229.4597834384    -81.7120801927
     0.0007693151     -0.0035265973      0.0000000000    -84.2075212135  -1232.1945212795    -82.4593527417
     0.0008298875     -0.0036067102      0.0000000000    -79.9814063087  -1234.9558096411    -83.1075676872
     0.0008927588     -0.0036868337      0.0000000000    -75.7247677251  -1237.7403362258    -83.6551819151
     0.0009578984     -0.0037668564      0.0000000000    -71.4427782094  -1240.5447148341    -84.1007436589
     0.0011944673     -0.0040313131      0.0000000000    -67.1398662881  -1243.3657664678    -84.4748610562
     0.0014364278     -0.0042924708      0.0000000000    -62.8197119308  -1246.2005214216    -84.7762522813
     0.0016836842     -0.0045501683      0.0000000000    -58.4860585376  -1249.0459423608    -85.0037141137
     0.0019361359     -0.0048042478      0.0000000000    -54.1427087796  -1251.8989266223    -85.1561277199
     0.0021936773     -0.0050545546      0.0000000000    -49.7935201979  -1254.7563087048    -85.2324622891
     0.0024561978     -0.0053009374      0.0000000000    -45.4424006174  -1257.6148629604    -85.2317786459
     0.0027235825     -0.0055432486      0.0000000000    -41.0933033784  -1260.4713064781    -85.1532328197
     0.0029957118     -0.0057813445      0.0000000000    -36.7502223856  -1263.3223021703    -84.9960795760
     0.0032724618     -0.0060150853      0.0000000000    -32.4171869794  -1266.1644620579    -84.7596758810
     0.0035537045     -0.0062443354      0.0000000000    -28.0982566318  -1268.9943507514    -84.4434843035
     0.0038393081     -0.0064689633      0.0000000000    -23.7975154706  -1271.8084891347    -84.0470763332
     0.0041291368     -0.0066888423      0.0000000000    -19.5190666364  -1274.6033582446    -83.5701356088
     0.0044230513     -0.0069038501      0.0000000000    -15.2670264778  -1277.3754033465    -83.0124610428
     0.0047209090     -0.0071138689      0.0000000000    -11.0455185899  -1280.1210381975    -82.3739698331
     0.0050225641     -0.0073187862      0.0000000000     -6.8586677016  -1282.8366495100    -81.6547003473
     0.0053278680     -0.0075184941      0.0000000000     -2.7105934204  -1285.5186015889    -80.8548148725
     0.0056366691     -0.0077128899      0.0000000000      1.3945961605  -1288.1632411571    -79.9746022160
     0.0059488135     -0.0079018758      0.0000000000      5.4528109834  -1290.7669023610    -79.0144801456
     0.0062641451     -0.0080853596      0.0000000000      9.4599856675  -1293.3259119325    -77.9749976632
     0.0065825056     -0.0082632541      0.0000000000     13.4120862617  -1295.8365945317    -76.8568370940
     0.0069037350     -0.0084354775      0.0000000000     17.3051170994  -1298.2952782317    -75.6608159860
     0.0072276716     -0.0086019534      0.0000000000     21.1351277448  -1300.6983001697    -74.3878888089
     0.0075541524     -0.0087626109      0.0000000000     24.8982200212  -1303.0420123146    -73.0391484390
     0.0078830135     -0.0089173844      0.0000000000     28.5905551082  -1305.3227874012    -71.6158274231
     0.0082140898     -0.0090662140      0.0000000000     32.2083606989  -1307.5370249479    -70.1192990144
     0.0085472158     -0.0092090450      0.0000000000     35.7479382032  -1309.6811574221    -68.5510779644
     0.0088822256     -0.0093458284      0.0000000000     39.2056699849  -1311.7516564863    -66.9128210688
     0.0092189530     -0.0094765206      0.0000000000     42.5780266209  -1313.7450393447    -65.2063274589
     0.0095572321     -0.0096010833      0.0000000000     45.8615741677  -1315.6578751694    -63.4335386238
     0.0098968970     -0.0097194838      0.0000000000     49.0529814228  -1317.4867915861    -61.5965381674
     0.0102377825     -0.0098316944      0.0000000000     52.1490271665  -1319.2284812330    -59.6975512832
     0.0105797243     -0.0099376931      0.0000000000     55.1466073691  -1320.8797083366    -57.7389439486
     0.0109225589     -0.0100374628      0.0000000000     58.0427423499  -1322.4373153451    -55.7232218282
     0.0112661238     -0.0101309915      0.0000000000     60.8345838733  -1323.8982295526    -53.6530288842
     0.0116102583     -0.0102182726      0.0000000000     63.5194221656  -1325.2594697406    -51.5311456866
     0.0119548030     -0.0102993041      0.0000000000     66.0946928379  -1326.5181528006    -49.3604874286
     0.0122996004     -0.0103740888      0.0000000000     68.5579837002  -1327.6715003282    -47.1441016284
     0.0126444950     -0.0104426344      0.0000000000     70.9070414505  -1328.7168451741    -44.8851655301
     0.0129893334     -0.0105049532      0.0000000000     73.1397782226  -1329.6516379489    -42.5869831987
     0.0133339645     -0.0105610618      0.0000000000     75.2542779791  -1330.4734534358    -40.2529823026
     0.0136782398     -0.0106109813      0.0000000000     77.2488027302  -1331.1799969296    -37.8867105852
     0.0140220135     -0.0106547366      0.0000000000     79.1217985671  -1331.7691104731    -35.4918320412
     0.0143651423     -0.0106923571      0.0000000000     80.8719014899  -1332.2387789646    -33.0721227708
     0.0147074863     -0.0107238757      0.0000000000     82.4979430180  -1332.5871361365    -30.6314665435
     0.0150489083     -0.0107493291      0.0000000000     83.9989555651  -1332.8124703858    -28.1738500531
     0.0153892745     -0.0107687576      0.0000000000     85.3741775653  -1332.9132304346    -25.7033578799
     0.0157284542     -0.0107822046      0.0000000000     86.6230583339  -1332.8880308172    -23.2241671654
     0.0160663203     -0.0107897170      0.0000000000     87.7452612857  -1332.7417799709    -20.7404885547
     0.0164027490     -0.0107913444      0.0000000000     88.7406518590  -1332.4856741327    -18.2560261075
     0.0167376202     -0.0107871393      0.0000000000     89.6092715220  -1332.1249267294    -15.7739720985
     0.0170708173     -0.0107771570      0.0000000000     90.3513251671  -1331.6587618726    -13.2975367375
     0.0174022274     -0.0107614551      0.0000000000     90.9671832689  -1331.0865416686    -10.8299968552
     0.0177317412     -0.0107400933      0.0000000000     91.4573851580  -1330.4077705148     -8.3746909013
     0.0180592534     -0.0107131338      0.0000000000     91.8226420327  -1329.6220991854     -5.9350137043
     0.0183846622     -0.0106806400      0.0000000000     92.0638396973  -1328.7293286944     -3.5144109882
     0.0187078696     -0.0106426777      0.0000000000     92.1820410142  -1327.7294139193     -1.1163736645
     0.0190287816     -0.0105993135      0.0000000000     92.1784880601  -1326.6224669716      1.2555680993
     0.0193473078     -0.0105506159      0.0000000000     92.0546039727  -1325.4087603122      3.5978510115
     0.0196633614     -0.0104966542      0.0000000000     91.8119944804  -1324.0887295753      5.9068849946
     0.0199768596     -0.0104374986      0.0000000000     91.4524491035  -1322.6629761347      8.1790596963
     0.0202877232     -0.0103732205      0.0000000000     90.9779420181  -1321.1322693448     10.4107511886
     0.0205958765     -0.0103038914      0.0000000000     90.3906325743  -1319.4975484963     12.5983288118
     0.0209012475     -0.0102295835      0.0000000000     89.6928654617  -1317.7599244448     14.7381621777
     0.0212037678     -0.0101503693      0.0000000000     88.8871705129  -1315.9206809266     16.8266282945
     0.0215033723     -0.0100663215      0.0000000000     87.9762619602  -1313.9812755225     18.8601259132
     0.0210047077     -0.0102282671      0.0000000000     86.9603204318  -1311.9424112438     20.9415155402
     0.0205075037     -0.0103993660      0.0000000000     85.8369932912  -1309.8040373724     23.0671826361
     0.0200119449     -0.0105796101      0.0000000000     84.6041133147  -1307.5662796066     25.2334777964
     0.0195182180     -0.0107689866      0.0000000000     83.2597000962  -1305.2294407820     27.4367314593
     0.0190265114     -0.0109674782      0.0000000000     81.8019608807  -1302.7940012139     29.6732615594
     0.0185370148     -0.0111750625      0.0000000000     80.2292910059  -1300.2606186866     31.9393812305
     0.0180499198     -0.0113917120      0.0000000000     78.5402739505  -1297.6301280705     34.2314065280
     0.0175654190     -0.0116173943      0.0000000000     76.7336809876  -1294.9035405701     36.5456641578
     0.0170837064     -0.0118520716      0.0000000000     74.8084704437  -1292.0820425962     38.8784991969
     0.0166049771     -0.0120957005      0.0000000000     72.7637865648  -1289.1669942784     41.2262827834
     0.0161294270     -0.0123482324      0.0000000000     70.5989579909  -1286.1599275853     43.5854197646
     0.0156572529     -0.0126096130      0.0000000000     68.3134958413  -1283.0625440948     45.9523562774
     0.0151886520     -0.0128797821      0.0000000000     65.9070914153  -1279.8767123840     48.3235872533
     0.0147238219     -0.0131586738      0.0000000000     63.3796135124  -1276.6044650643     50.6956638197
     0.0142629607     -0.0134462163      0.0000000000     60.7311053775  -1273.2479954408     53.0652005953
     0.0138062661     -0.0137423318      0.0000000000     57.9617875099  -1269.8096559626     55.4286386283
     0.0133539359     -0.0140469364      0.0000000000     55.0720537523  -1266.2919541467     57.7827457934
     0.0129061673     -0.0143599401      0.0000000000     52.0624609030  -1262.6975460436     60.1243700893
     0.0124631572     -0.0146812467      0.0000000000     48.9336998143  -1259.0292231936     62.4514116595
     0.0120251013     -0.0150107536      0.0000000000     45.6866090296  -1255.2899138780     64.7601842577
     0.0115921944     -0.0153483522      0.0000000000     42.3232190671  -1251.4830365503     67.0076760202
     0.0111646305     -0.0156939271      0.0000000000     38.8485874086  -1247.6131233974     69.1183111539
     0.0107426022     -0.0160473564      0.0000000000     35.2697680566  -1243.6854640438     71.0894475606
     0.0103263004     -0.0164085116      0.0000000000     31.5939448440  -1239.7054631418     72.9186409717
     0.0099159140     -0.0167772583      0.0000000000     27.8284211942  -1235.6786325056     74.6036504321
     0.0095116291     -0.0171534556      0.0000000000     23.9806096111  -1231.6105829686     76.1424434521
     0.0091136290     -0.0175369570      0.0000000000     20.0580209134  -1227.5070159974     77.5332008263
     0.0087220942     -0.0179276097      0.0000000000     16.0682532326  -1223.3737150677     78.7743210978
     0.0083372014     -0.0183252555      0.0000000000     12.0189807923  -1219.2165368127     79.8644246603
     0.0079591239     -0.0187297305      0.0000000000      7.9179424872  -1215.0414019755     80.8023574851
     0.0075880311     -0.0191408651      0.0000000000      3.7729302824  -1210.8542861639     81.5871944651
     0.0072240879     -0.0195584847      0.0000000000     -0.4082225486  -1206.6612104504     82.2182423642
     0.0068674550     -0.0199824097      0.0000000000     -4.6176533260  -1202.4682317955     82.6950423604
     0.0065182882     -0.0204124555      0.0000000000     -8.8474819850  -1198.2814333610     83.0173721848
     0.0061767386     -0.0208484330      0.0000000000    -13.0898231958  -1194.1069146887     83.1852478334
     0.0058429518     -0.0212901485      0.0000000000    -17.3367985599  -1189.9507817834     83.1989248653
     0.0055170683     -0.0217374043      0.0000000000    -21.5805488620  -1185.8191371314     83.0588992614
     0.0051992228     -0.0221899989      0.0000000000    -25.8132463544  -1181.7180696439     82.7659078516
     0.0048895445     -0.0226477271      0.0000000000    -30.0271070525  -1177.6536445732     82.3209283123
     0.0045881565     -0.0231103802      0.0000000000    -34.2144030181  -1173.6318933958     81.7251787092
     0.0042951758     -0.0235777466      0.0000000000    -38.3674746091  -1169.6588037172     80.9801166121
     0.0040107133     -0.0240496120      0.0000000000    -42.4787426719  -1165.7403091783     80.0874377599
     0.0037348734     -0.0245257593      0.0000000000    -46.5407206547  -1161.8822794203     79.0490742839
     0.0034677542     -0.0250059696      0.0000000000    -50.5460266186  -1158.0905100873     77.8671924900
     0.0032094473     -0.0254900218      0.0000000000    -54.4873951249  -1154.3707129422     76.5441902048
     0.0029600374     -0.0259776933      0.0000000000    -58.3576889754  -1150.7285060659     75.0826936836
     0.0027196029     -0.0264687605      0.0000000000    -62.1499107831  -1147.1694041739     73.4855540892
     0.0024882152     -0.0269629986      0.0000000000    -65.8572143539  -1143.6988090909     71.7558435381
     0.0022659389     -0.0274601821      0.0000000000    -69.4729158541  -1140.3220003801     69.8968507366
     0.0020528323     -0.0279600853      0.0000000000    -72.9905047457  -1137.0441261451     67.9120761912
     0.0018489464     -0.0284624827      0.0000000000    -76.4036544660  -1133.8701940512     65.8052270251
     0.0016543257     -0.0289671487      0.0000000000    -79.7062328334  -1130.8050625440     63.5802113919
     0.0014690082     -0.0294738585      0.0000000000    -82.8923121569  -1127.8534323187     61.2411324956
     0.0012930250     -0.0299823883      0.0000000000    -85.9561790321  -1125.0198380439     58.7922822490
     0.0011264007     -0.0304925154      0.0000000000    -88.8923438029  -1122.3086403503     56.2381345589
     0.0009691535     -0.0310040186      0.0000000000    -91.6955496721  -1119.7240181124     53.5833382469
     0.0008212952     -0.0315166784      0.0000000000    -94.3607814418  -1117.2699610364     50.8327096564
     0.0006828314     -0.0320302775      0.0000000000    -96.8832738681  -1114.9502625706     47.9912249073
     0.0005537613     -0.0325446010      0.0000000000    -99.2585196117  -1112.7685131435     45.0640118520
     0.0004340786     -0.0330594364      0.0000000000   -101.4822767718  -1110.7280937574     42.0563417284
     0.0003237706     -0.0335745740      0.0000000000   -103.5505759853  -1108.8321699519     38.9736205465
     0.0002228195     -0.0340898075      0.0000000000   -105.4597270801  -1107.0836861259     35.8213801860
     0.0001312016     -0.0346049335      0.0000000000   -107.2063252676  -1105.4853602687     32.6052692680
     0.0000488882     -0.0351197524      0.0000000000   -108.7872568636  -1104.0396790748     29.3310437870
    -0.0000241547     -0.0356340683      0.0000000000   -110.1997044156  -1102.7488934765     26.0045532600
    -0.0000223474     -0.0356492672      0.0000000000   -111.4411510099  -1101.6150148184     22.6317224005
    -0.0000200605     -0.0356625137      0.0000000000   -112.5093845116  -1100.6398112329     19.2185668483
    -0.0000173590     -0.0356737763      0.0000000000   -113.4025017304  -1099.8248042320     15.7711745169
    -0.0000143099     -0.0356830282      0.0000000000   -114.1189117403  -1099.1712659625     12.2956910972
    -0.0000109809     -0.0356902472      0.0000000000   -114.6573385643  -1098.6802169093      8.7983096940
    -0.0000074412     -0.0356954160      0.0000000000   -115.0168233292  -1098.3524240532      5.2852603956
    -0.0000037607     -0.0356985223      0.0000000000   -115.1967258846  -1098.1883994864      1.7627997587
