    -0.0000000135     -0.0345998343      0.0000000000   -114.0634011293  -1084.3404472007     -1.7394601692
     0.0000036903     -0.0345988086      0.0000000000   -113.8858802863  -1084.5020272982     -5.2152914058
     0.0000073243     -0.0345957337      0.0000000000   -113.5311538653  -1084.8249349795     -8.6818605720
     0.0000108188     -0.0345906168      0.0000000000   -112.9998518627  -1085.3086656750    -12.1330103883
     0.0000141046     -0.0345834702      0.0000000000   -112.2929179378  -1085.9524636755    -15.5626097069
     0.0000171134     -0.0345743110      0.0000000000   -111.4116078155  -1086.7553235004    -18.9645638760
     0.0000197779     -0.0345631609      0.0000000000   -110.3574871591  -1087.7159917234    -22.3328250461
     0.0000220320     -0.0345500465      0.0000000000   -109.1324289206  -1088.8329692403    -25.6614023853
     0.0000238112     -0.0345349991      0.0000000000   -107.7386100673  -1090.1045139848    -28.9443762970
    -0.0000465906     -0.0340386782      0.0000000000   -106.1785074800  -1091.5286442958    -32.1759166318
    -0.0001259463     -0.0335418233      0.0000000000   -104.4548937684  -1093.1031425015    -35.3502677423
    -0.0002142903     -0.0330446245      0.0000000000   -102.5708330107  -1094.8255587083    -38.4617663762
    -0.0003116517     -0.0325472755      0.0000000000   -100.5296756913  -1096.6932152201    -41.5048552384
    -0.0004180548     -0.0320499734      0.0000000000    -98.3350530549  -1098.7032113651    -44.4740922350
    -0.0005335183     -0.0315529188      0.0000000000    -95.9908709958  -1100.8524287166    -47.3641594873
    -0.0006580555     -0.0310563152      0.0000000000    -93.5013034934  -1103.1375366984    -50.1698720893
    -0.0007916740     -0.0305603689      0.0000000000    -90.8707856060  -1105.5549985576    -52.8861866234
    -0.0009343756     -0.0300652888      0.0000000000    -88.1040060384  -1108.1010777036    -55.5082093711
    -0.0010861558     -0.0295712863      0.0000000000    -85.2058992970  -1110.7718443876    -58.0312042639
    -0.0012470045     -0.0290785746      0.0000000000    -82.1816374475  -1113.5631827146    -60.4506004863
    -0.0014169048     -0.0285873688      0.0000000000    -79.0366214918  -1116.4707979742    -62.7619997875
    -0.0015958340     -0.0280978855      0.0000000000    -75.7764723815  -1119.4902242716    -64.9611834399
    -0.0017837626     -0.0276103426      0.0000000000    -72.4070216841  -1122.6168324425    -67.0441188487
    -0.0019806547     -0.0271249589      0.0000000000    -68.9343019211  -1125.8458382368    -69.0069658067
    -0.0021864680     -0.0266419535      0.0000000000    -65.3645365970  -1129.1723107531    -70.8460823667
    -0.0024011534     -0.0261615464      0.0000000000    -61.7041299376  -1132.5911811130    -72.5580303386
    -0.0026246554     -0.0256839573      0.0000000000    -57.9596563581  -1136.0972513414    -74.1395803882
    -0.0028569116     -0.0252094054      0.0000000000    -54.1378496808  -1139.6852034497    -75.5877167337
    -0.0030978533     -0.0247381099      0.0000000000    -50.2455921241  -1143.3496086892    -76.8996414398
    -0.0033474051     -0.0242702885      0.0000000000    -46.2899030823  -1147.0849369874    -78.0727782863
    -0.0036054850     -0.0238061580      0.0000000000    -42.2779277187  -1150.8855664826    -79.1047762176
    -0.0038720044     -0.0233459338      0.0000000000    -38.2169253941  -1154.7457932219    -79.9935123699
    -0.0041468687     -0.0228898291      0.0000000000    -34.1142579514  -1158.6598409265    -80.7370946603
    -0.0044299765     -0.0224380554      0.0000000000    -29.9773778788  -1162.6218708581    -81.3338639465
    -0.0047212205     -0.0219908215      0.0000000000    -25.8138163745  -1166.6259917268    -81.7823957429
    -0.0050204872     -0.0215483336      0.0000000000    -21.6311713343  -1170.6662696596    -82.0815015129
    -0.0053276571     -0.0211107949      0.0000000000    -17.4370952853  -1174.7367381665    -82.2302295022
    -0.0056426049     -0.0206784054      0.0000000000    -13.2392832872  -1178.8314081256    -82.2278651598
    -0.0059651997     -0.0202513615      0.0000000000     -9.0454608239  -1182.9442777327    -82.0739311027
    -0.0062953051     -0.0198298558      0.0000000000     -4.8633717079  -1187.0693424246    -81.7681866576
    -0.0066327795     -0.0194140768      0.0000000000     -0.7007660186  -1191.2006047271    -81.3106269738
    -0.0069774761     -0.0190042090      0.0000000000      3.4346119029  -1195.3320840364    -80.7014817084
    -0.0073292434     -0.0186004319      0.0000000000      7.5350353807  -1199.4578263005    -79.9412132906
    -0.0076879251     -0.0182029207      0.0000000000     11.5928072333  -1203.5719135751    -79.0305147794
    -0.0080533606     -0.0178118454      0.0000000000     15.6002714814  -1207.6684734524    -77.9703073061
    -0.0084253852     -0.0174273710      0.0000000000     19.5498249160  -1211.7416883393    -76.7617371287
    -0.0088038303     -0.0170496572      0.0000000000     23.4339285060  -1215.7858045492    -75.4061722876
    -0.0091885237     -0.0166788580      0.0000000000     27.2451186250  -1219.7951412296    -73.9051988888
    -0.0095792899     -0.0163151221      0.0000000000     30.9760180798  -1223.7640990607    -72.2606170135
    -0.0099759503     -0.0159585921      0.0000000000     34.6193469197  -1227.6871687504    -70.4744362706
    -0.0103783236     -0.0156094049      0.0000000000     38.1679330108  -1231.5589392910    -68.5488710043
    -0.0107862260     -0.0152676914      0.0000000000     41.6147223573  -1235.3741059542    -66.4863351653
    -0.0111994715     -0.0149335764      0.0000000000     44.9527891518  -1239.1274780377    -64.2894368626
    -0.0116178724     -0.0146071784      0.0000000000     48.1769340192  -1242.8145294183    -62.0232045874
    -0.0120412397     -0.0142886094      0.0000000000     51.2848907462  -1246.4318150487    -59.7375226322
    -0.0124693838     -0.0139779752      0.0000000000     54.2756727946  -1249.9764093938    -57.4326406482
    -0.0129021137     -0.0136753750      0.0000000000     57.1484263110  -1253.4455178186    -55.1135071894
    -0.0133392380     -0.0133809022      0.0000000000     59.9025033661  -1256.8365049595    -52.7832412206
    -0.0137805643     -0.0130946440      0.0000000000     62.5375436637  -1260.1469257757    -50.4499924002
    -0.0142259002     -0.0128166815      0.0000000000     65.0533714992  -1263.3744932358    -48.1128428384
    -0.0146750529     -0.0125470900      0.0000000000     67.4498731258  -1266.5170390587    -45.7751377446
    -0.0151278297     -0.0122859389      0.0000000000     69.7271071652  -1269.5725539309    -43.4402848080
    -0.0155840381     -0.0120332916      0.0000000000     71.8853076124  -1272.5391907578    -41.1117469685
    -0.0160434862     -0.0117892061      0.0000000000     73.9248864697  -1275.4152675538    -38.7930350780
    -0.0165059823     -0.0115537345      0.0000000000     75.8464360021  -1278.1992699908    -36.4877004659
    -0.0169713357     -0.0113269235      0.0000000000     77.6507306122  -1280.8898535611    -34.1993274259
    -0.0174393567     -0.0111088145      0.0000000000     79.3387283301  -1283.4858453842    -31.9315256439
    -0.0179098566     -0.0108994433      0.0000000000     80.9115719145  -1285.9862456345    -29.6879225858
    -0.0183826478     -0.0106988410      0.0000000000     82.3705895662  -1288.3902286164    -27.4721558534
    -0.0188575442     -0.0105070331      0.0000000000     83.7172952499  -1290.6971434636    -25.2878655363
    -0.0193343612     -0.0103240405      0.0000000000     84.9533886262  -1292.9065144539    -23.1386865787
    -0.0198129157     -0.0101498793      0.0000000000     86.0807545947  -1295.0180409953    -21.0282411564
    -0.0202930264     -0.0099845609      0.0000000000     87.1014624489  -1297.0315972130    -18.9601311143
    -0.0207745138     -0.0098280921      0.0000000000     88.0177644717  -1298.9472312068    -16.9379236043
    -0.0204860868     -0.0099088896      0.0000000000     88.8294738793  -1300.7642679047    -14.8624959110
    -0.0201948135     -0.0099850451      0.0000000000     89.5339644257  -1302.4813081572    -12.7373997049
    -0.0199007555     -0.0100564874      0.0000000000     90.1287916733  -1304.0971240526    -10.5662060422
    -0.0196039780     -0.0101231454      0.0000000000     90.6116936257  -1305.6106578862     -8.3524913732
    -0.0193045493     -0.0101849483      0.0000000000     90.9805908231  -1307.0210207750     -6.0998305116
    -0.0190025417     -0.0102418257      0.0000000000     91.2335860831  -1308.3274909799     -3.8117897429
    -0.0186980308     -0.0102937076      0.0000000000     91.3689638931  -1309.5295118923     -1.4919200716
    -0.0183910960     -0.0103405248      0.0000000000     91.3851894620  -1310.6266897359      0.8562493603
    -0.0180818201     -0.0103822091      0.0000000000     91.2809074404  -1311.6187909686      3.2292176865
    -0.0177702900     -0.0104186933      0.0000000000     91.0549403182  -1312.5057394063      5.6235185431
    -0.0174565961     -0.0104499112      0.0000000000     90.7062865099  -1313.2876130733      8.0357260921
    -0.0171408324     -0.0104757984      0.0000000000     90.2341181364  -1313.9646407984     10.4624608443
    -0.0168230969     -0.0104962920      0.0000000000     89.6377785167  -1314.5371985636     12.9003952534
    -0.0165034913     -0.0105113307      0.0000000000     88.9167793785  -1315.0058056135     15.3462590916
    -0.0161821207     -0.0105208553      0.0000000000     88.0707978017  -1315.3711203572     17.7968445784
    -0.0158590941     -0.0105248088      0.0000000000     87.0996729053  -1315.6339360419     20.2490112675
    -0.0155345242     -0.0105231365      0.0000000000     86.0034036555  -1315.7890534478     22.6996372499
    -0.0152085271     -0.0105157863      0.0000000000     84.7821614439  -1315.8252873761     25.1450893205
    -0.0148812224     -0.0105027087      0.0000000000     83.4363160588  -1315.7377372529     27.5812280678
    -0.0145527332     -0.0104838573      0.0000000000     81.9664477444  -1315.5277932483     30.0039478535
    -0.0142231859     -0.0104591887      0.0000000000     80.3733439722  -1315.1970081759     32.4092357499
    -0.0138927104     -0.0104286627      0.0000000000     78.6579945750  -1314.7470920235     34.7931767623
    -0.0135614393     -0.0103922426      0.0000000000     76.8215866214  -1314.1799063071     37.1519587522
    -0.0132295087     -0.0103498951      0.0000000000     74.8654990469  -1313.4974582531     39.4818770732
    -0.0128970573     -0.0103015910      0.0000000000     72.7912970557  -1312.7018948529     41.7793389046
    -0.0125642267     -0.0102473047      0.0000000000     70.6007263092  -1311.7954967699     44.0408672783
    -0.0122311612     -0.0101870147      0.0000000000     68.2957069164  -1310.7806721380     46.2631048079
    -0.0118980074     -0.0101207039      0.0000000000     65.8783272422  -1309.6599502665     48.4428171060
    -0.0115649144     -0.0100483594      0.0000000000     63.3508375485  -1308.4359752485     50.5768958980
    -0.0112320333     -0.0099699727      0.0000000000     60.7156434849  -1307.1114995146     52.6623618292
    -0.0108995173     -0.0098855401      0.0000000000     57.9752994432  -1305.6893773190     54.6963669625
    -0.0105675213     -0.0097950624      0.0000000000     55.1325017924  -1304.1725581991     56.6761969758
    -0.0102362017     -0.0096985455      0.0000000000     52.1900820095  -1302.5640804033     58.5992730539
    -0.0099057164     -0.0095959999      0.0000000000     49.1509997213  -1300.8670643125     60.4631534839
    -0.0095762246     -0.0094874414      0.0000000000     46.0183356716  -1299.0847058665     62.2655349520
    -0.0092478864     -0.0093728906      0.0000000000     42.7952846308  -1297.2202700073     64.0042535506
    -0.0089208624     -0.0092523736      0.0000000000     39.4851482603  -1295.2770841572     65.6772854983
    -0.0085953141     -0.0091259213      0.0000000000     36.0913279484  -1293.2585317437     67.2827475799
    -0.0082714031     -0.0089935703      0.0000000000     32.6173176295  -1291.1680457746     68.8188973083
    -0.0079492913     -0.0088553621      0.0000000000     29.0666966032  -1289.0091024977     70.2841328222
    -0.0076291402     -0.0087113439      0.0000000000     25.4431223642  -1286.7852151276     71.6769925185
    -0.0073111112     -0.0085615679      0.0000000000     21.7503234579  -1284.4999276823     72.9961544357
    -0.0069953648     -0.0084060920      0.0000000000     17.9920923743  -1282.1568089110     74.2404353875
    -0.0066820611     -0.0082449792      0.0000000000     14.1722784906  -1279.7594463454     75.4087898628
    -0.0063713587     -0.0080782978      0.0000000000     10.2947810779  -1277.3114404767     76.5003086966
    -0.0060634151     -0.0079061217      0.0000000000      6.3635423792  -1274.8163990605     77.5142175246
    -0.0057583864     -0.0077285297      0.0000000000      2.3825407731  -1272.2779315734     78.4498750254
    -0.0054564267     -0.0075456062      0.0000000000     -1.6442159682  -1269.6996438147     79.3067709701
    -0.0051576884     -0.0073574404      0.0000000000     -5.7126973167  -1267.0851326697     80.0845240775
    -0.0048623214     -0.0071641270      0.0000000000     -9.8188565122  -1264.4379810406     80.7828796974
    -0.0045704733     -0.0069657652      0.0000000000    -13.9586369633  -1261.7617529437     81.4017073247
    -0.0042822892     -0.0067624597      0.0000000000    -18.1279785178  -1259.0599887900     81.9409979579
    -0.0039979111     -0.0065543196      0.0000000000    -22.3228235940  -1256.3362008451     82.4008613131
    -0.0037174781     -0.0063414589      0.0000000000    -26.5391231674  -1253.5938688805     82.7815229070
    -0.0034411260     -0.0061239963      0.0000000000    -30.7728426040  -1250.8364360084     83.0833210163
    -0.0031689870     -0.0059020548      0.0000000000    -35.0199673370  -1248.0673047153     83.3067035251
    -0.0029011897     -0.0056757618      0.0000000000    -39.2765083789  -1245.2898330912     83.4522246773
    -0.0026378590     -0.0054452490      0.0000000000    -43.5385076661  -1242.5073312564     83.5205417385
    -0.0023791157     -0.0052106520      0.0000000000    -47.8020432310  -1239.7230579861     83.5124115811
    -0.0021250761     -0.0049721104      0.0000000000    -52.0632341982  -1236.9402175362     83.4286872057
    -0.0018758526     -0.0047297675      0.0000000000    -56.3182456018  -1234.1619566680     83.2703142074
    -0.0016315528     -0.0044837702      0.0000000000    -60.5632930209  -1231.3913618706     83.0383271986
    -0.0013922795     -0.0042342688      0.0000000000    -64.7946470316  -1228.6314567843     82.7338462002
    -0.0011581311     -0.0039814166      0.0000000000    -69.0086374750  -1225.8851998160     82.3580730085
    -0.0009292007     -0.0037253701      0.0000000000    -73.2016574858  -1223.1554819494     81.9122854927
    -0.0008659228     -0.0036475271      0.0000000000    -77.3693789121  -1220.4453943579     81.3669478698
    -0.0008048466     -0.0035695820      0.0000000000    -81.5067565046  -1217.7582264273     80.7235021257
    -0.0007460022     -0.0034916430      0.0000000000    -85.6088208757  -1215.0971941900     79.9834783093
    -0.0006894150     -0.0034138199      0.0000000000    -89.6706828502  -1212.4654385469     79.1484888673
    -0.0006351059     -0.0033362236      0.0000000000    -93.6875375804  -1209.8660236631     78.2202250656
    -0.0005830913     -0.0032589657      0.0000000000    -97.6546684801  -1207.3019355360     77.2004534506
    -0.0005333828     -0.0031821586      0.0000000000   -101.5674509775  -1204.7760807223     76.0910123525
    -0.0004859875     -0.0031059152      0.0000000000   -105.4213560928  -1202.2912852279     74.8938084428
    -0.0004409074     -0.0030303483      0.0000000000   -109.2119538400  -1199.8502935436     73.6108133504
    -0.0003981400     -0.0029555710      0.0000000000   -112.9349164587  -1197.4557678312     72.2440603414
    -0.0003576778     -0.0028816959      0.0000000000   -116.5860214775  -1195.1102872435     70.7956410731
    -0.0003195087     -0.0028088353      0.0000000000   -120.1611546141  -1192.8163473779     69.2677024208
    -0.0002836156     -0.0027371005      0.0000000000   -123.6563125154  -1190.5763598523     67.6624433889
    -0.0002499766     -0.0026666022      0.0000000000   -127.0676053416  -1188.3926519983     65.9821121061
    -0.0002185652     -0.0025974494      0.0000000000   -130.3912592002  -1186.2674666618     64.2290029099
    -0.0001893500     -0.0025297501      0.0000000000   -133.6236184325  -1184.2029621058     62.4054535249
    -0.0001622952     -0.0024636105      0.0000000000   -136.7611477588  -1182.2012120053     60.5138423351
    -0.0001373602     -0.0023991348      0.0000000000   -139.8004342876  -1180.2642055278     58.5565857549
    -0.0001144999     -0.0023364252      0.0000000000   -142.7381893918  -1178.3938474901     56.5361356983
    -0.0000936648     -0.0022755817      0.0000000000   -145.5712504591  -1176.5919585859     54.4549771495
    -0.0000748011     -0.0022167015      0.0000000000   -148.2965825212  -1174.8602756727     52.3156258339
    -0.0000578507     -0.0021598792      0.0000000000   -150.9112797657  -1173.2004521141     50.1206259902
    -0.0000427514     -0.0021052066      0.0000000000   -153.4125669378  -1171.6140581664     47.8725482435
    -0.0000294371     -0.0020527720      0.0000000000   -155.7978006355  -1170.1025814037     45.5739875776
    -0.0000178378     -0.0020026607      0.0000000000   -158.0644705039  -1168.6674271740     43.2275614063
    -0.0000078798     -0.0019549543      0.0000000000   -160.2102003332  -1167.3099190782     40.8359077412
     0.0000005142     -0.0019097309      0.0000000000   -162.2327490663  -1166.0312994650     38.4016834517
     0.0000074247     -0.0018670646      0.0000000000   -164.1300117192  -1164.8327299360     35.9275626200
     0.0000129357     -0.0018270254      0.0000000000   -165.9000202199  -1163.7152918532     33.4162349808
     0.0000171339     -0.0017896795      0.0000000000   -167.5409441700  -1162.6799868424     30.8704044463
     0.0000201091     -0.0017550883      0.0000000000   -169.0510915324  -1161.7277372882     28.2927877131
     0.0000219537     -0.0017233093      0.0000000000   -170.4289092512  -1160.8593868128     25.6861129435
     0.0000227623     -0.0016943950      0.0000000000   -171.6729838042  -1160.0757007348     23.0531185182
     0.0000226322     -0.0016683934      0.0000000000   -172.7820416952  -1159.3773665027     20.3965518566
     0.0000216624     -0.0016453478      0.0000000000   -173.7549498862  -1158.7649940980     17.7191682954
     0.0000199538     -0.0016252966      0.0000000000   -174.5907161749  -1158.2391164045     15.0237300253
     0.0000176089     -0.0016082732      0.0000000000   -175.2884895185  -1157.8001895395     12.3130050747
     0.0000147317     -0.0015943059      0.0000000000   -175.8475603068  -1157.4485931441      9.5897663375
     0.0000114273     -0.0015834182      0.0000000000   -176.2673605868  -1157.1846306293      6.8567906379
     0.0000078015     -0.0015756281      0.0000000000   -176.5474642404  -1157.0085293760      4.1168578249
     0.0000039612     -0.0015709488      0.0000000000   -176.6875871160  -1156.9204408866      1.3727498912
     0.0000000135     -0.0015693880      0.0000000000   -176.6875871160  -1156.9204408866     -1.3727498912
    -0.0000039342     -0.0015709483      0.0000000000   -176.5474642404  -1157.0085293760     -4.1168578250
    -0.0000077745     -0.0015756272      0.0000000000   -176.2673605868  -1157.1846306293     -6.8567906379
    -0.0000114002     -0.0015834168      0.0000000000   -175.8475603068  -1157.4485931441     -9.5897663375
    -0.0000147047     -0.0015943040      0.0000000000   -175.2884895185  -1157.8001895395    -12.3130050746
    -0.0000175820     -0.0016082708      0.0000000000   -174.5907161749  -1158.2391164045    -15.0237300253
    -0.0000199269     -0.0016252938      0.0000000000   -173.7549498862  -1158.7649940980    -17.7191682953
    -0.0000216355     -0.0016453445      0.0000000000   -172.7820416952  -1159.3773665027    -20.3965518566
    -0.0000226054     -0.0016683896      0.0000000000   -171.6729838042  -1160.0757007347    -23.0531185182
    -0.0000227356     -0.0016943907      0.0000000000   -170.4289092512  -1160.8593868128    -25.6861129435
    -0.0000219270     -0.0017233046      0.0000000000   -169.0510915324  -1161.7277372882    -28.2927877131
    -0.0000200826     -0.0017550832      0.0000000000   -167.5409441700  -1162.6799868424    -30.8704044463
    -0.0000171075     -0.0017896738      0.0000000000   -165.9000202199  -1163.7152918532    -33.4162349808
    -0.0000129093     -0.0018270193      0.0000000000   -164.1300117192  -1164.8327299360    -35.9275626202
    -0.0000073985     -0.0018670580      0.0000000000   -162.2327490663  -1166.0312994649    -38.4016834517
    -0.0000004881     -0.0019097239      0.0000000000   -160.2102003332  -1167.3099190782    -40.8359077410
     0.0000079058     -0.0019549469      0.0000000000   -158.0644705039  -1168.6674271741    -43.2275614064
     0.0000178637     -0.0020026528      0.0000000000   -155.7978006355  -1170.1025814037    -45.5739875776
     0.0000294628     -0.0020527636      0.0000000000   -153.4125669378  -1171.6140581664    -47.8725482435
     0.0000427770     -0.0021051978      0.0000000000   -150.9112797657  -1173.2004521141    -50.1206259902
     0.0000578761     -0.0021598700      0.0000000000   -148.2965825212  -1174.8602756727    -52.3156258339
     0.0000748263     -0.0022166918      0.0000000000   -145.5712504591  -1176.5919585859    -54.4549771495
     0.0000936899     -0.0022755716      0.0000000000   -142.7381893918  -1178.3938474902    -56.5361356983
     0.0001145248     -0.0023364147      0.0000000000   -139.8004342876  -1180.2642055278    -58.5565857549
     0.0001373849     -0.0023991238      0.0000000000   -136.7611477588  -1182.2012120054    -60.5138423352
     0.0001623197     -0.0024635990      0.0000000000   -133.6236184325  -1184.2029621057    -62.4054535249
     0.0001893743     -0.0025297382      0.0000000000   -130.3912592002  -1186.2674666617    -64.2290029099
     0.0002185893     -0.0025974371      0.0000000000   -127.0676053416  -1188.3926519983    -65.9821121061
     0.0002500005     -0.0026665895      0.0000000000   -123.6563125154  -1190.5763598523    -67.6624433889
     0.0002836392     -0.0027370874      0.0000000000   -120.1611546141  -1192.8163473779    -69.2677024209
     0.0003195321     -0.0028088218      0.0000000000   -116.5860214775  -1195.1102872435    -70.7956410731
     0.0003577010     -0.0028816820      0.0000000000   -112.9349164587  -1197.4557678311    -72.2440603414
     0.0003981629     -0.0029555567      0.0000000000   -109.2119538400  -1199.8502935437    -73.6108133503
     0.0004409301     -0.0030303336      0.0000000000   -105.4213560928  -1202.2912852278    -74.8938084428
     0.0004860099     -0.0031059000      0.0000000000   -101.5674509775  -1204.7760807226    -76.0910123525
     0.0005334050     -0.0031821431      0.0000000000    -97.6546684801  -1207.3019355358    -77.2004534505
     0.0005831132     -0.0032589498      0.0000000000    -93.6875375804  -1209.8660236632    -78.2202250657
     0.0006351275     -0.0033362073      0.0000000000    -89.6706828502  -1212.4654385469    -79.1484888673
     0.0006894363     -0.0034138033      0.0000000000    -85.6088208757  -1215.0971941901    -79.9834783093
     0.0007460232     -0.0034916260      0.0000000000    -81.5067565046  -1217.7582264273    -80.7235021257
     0.0008048674     -0.0035695646      0.0000000000    -77.3693789121  -1220.4453943580    -81.3669478698
     0.0008659432     -0.0036475094      0.0000000000    -73.2016574858  -1223.1554819491    -81.9122854928
     0.0009292208     -0.0037253520      0.0000000000    -69.0086374750  -1225.8851998158    -82.3580730085
     0.0011581509     -0.0039813981      0.0000000000    -64.7946470316  -1228.6314567844    -82.7338462002
     0.0013922990     -0.0042342500      0.0000000000    -60.5632930209  -1231.3913618708    -83.0383271987
     0.0016315719     -0.0044837511      0.0000000000    -56.3182456018  -1234.1619566676    -83.2703142072
     0.0018758714     -0.0047297481      0.0000000000    -52.0632341982  -1236.9402175367    -83.4286872057
     0.0021250946     -0.0049720906      0.0000000000    -47.8020432310  -1239.7230579861    -83.5124115811
     0.0023791338     -0.0052106319      0.0000000000    -43.5385076661  -1242.5073312562    -83.5205417386
     0.0026378768     -0.0054452285      0.0000000000    -39.2765083789  -1245.2898330912    -83.4522246774
     0.0029012071     -0.0056757411      0.0000000000    -35.0199673370  -1248.0673047149    -83.3067035250
     0.0031690040     -0.0059020338      0.0000000000    -30.7728426040  -1250.8364360086    -83.0833210161
     0.0034411426     -0.0061239750      0.0000000000    -26.5391231674  -1253.5938688805    -82.7815229071
     0.0037174944     -0.0063414373      0.0000000000    -22.3228235940  -1256.3362008453    -82.4008613130
     0.0039979270     -0.0065542977      0.0000000000    -18.1279785178  -1259.0599887893    -81.9409979580
     0.0042823047     -0.0067624375      0.0000000000    -13.9586369633  -1261.7617529437    -81.4017073249
     0.0045704885     -0.0069657428      0.0000000000     -9.8188565122  -1264.4379810408    -80.7828796974
     0.0048623361     -0.0071641043      0.0000000000     -5.7126973167  -1267.0851326701    -80.0845240774
     0.0051577027     -0.0073574175      0.0000000000     -1.6442159682  -1269.6996438149    -79.3067709701
     0.0054564407     -0.0075455830      0.0000000000      2.3825407731  -1272.2779315734    -78.4498750255
     0.0057583999     -0.0077285063      0.0000000000      6.3635423792  -1274.8163990609    -77.5142175244
     0.0060634282     -0.0079060980      0.0000000000     10.2947810779  -1277.3114404767    -76.5003086963
     0.0063713714     -0.0080782739      0.0000000000     14.1722784906  -1279.7594463462    -75.4087898629
     0.0066820734     -0.0082449551      0.0000000000     17.9920923742  -1282.1568089110    -74.2404353877
     0.0069953767     -0.0084060677      0.0000000000     21.7503234579  -1284.4999276823    -72.9961544359
     0.0073111226     -0.0085615434      0.0000000000     25.4431223642  -1286.7852151280    -71.6769925190
     0.0076291512     -0.0087113192      0.0000000000     29.0666966032  -1289.0091024973    -70.2841328221
     0.0079493019     -0.0088553372      0.0000000000     32.6173176295  -1291.1680457746    -68.8188973086
     0.0082714133     -0.0089935452      0.0000000000     36.0913279484  -1293.2585317429    -67.2827475800
     0.0085953238     -0.0091258961      0.0000000000     39.4851482603  -1295.2770841581    -65.6772854985
     0.0089208716     -0.0092523481      0.0000000000     42.7952846307  -1297.2202700069    -64.0042535505
     0.0092478952     -0.0093728651      0.0000000000     46.0183356716  -1299.0847058669    -62.2655349518
     0.0095762330     -0.0094874157      0.0000000000     49.1509997213  -1300.8670643125    -60.4631534840
     0.0099057243     -0.0095959741      0.0000000000     52.1900820095  -1302.5640804037    -58.5992730542
     0.0102362091     -0.0096985195      0.0000000000     55.1325017923  -1304.1725581995    -56.6761969760
     0.0105675283     -0.0097950363      0.0000000000     57.9752994431  -1305.6893773190    -54.6963669623
     0.0108995239     -0.0098855138      0.0000000000     60.7156434849  -1307.1114995138    -52.6623618291
     0.0112320394     -0.0099699463      0.0000000000     63.3508375485  -1308.4359752480    -50.5768958985
     0.0115649201     -0.0100483329      0.0000000000     65.8783272422  -1309.6599502661    -48.4428171056
     0.0118980126     -0.0101206773      0.0000000000     68.2957069164  -1310.7806721380    -46.2631048079
     0.0122311659     -0.0101869881      0.0000000000     70.6007263092  -1311.7954967703    -44.0408672785
     0.0125642310     -0.0102472779      0.0000000000     72.7912970557  -1312.7018948529    -41.7793389048
     0.0128970611     -0.0103015642      0.0000000000     74.8654990469  -1313.4974582536    -39.4818770734
     0.0132295120     -0.0103498683      0.0000000000     76.8215866214  -1314.1799063071    -37.1519587521
     0.0135614421     -0.0103922157      0.0000000000     78.6579945749  -1314.7470920235    -34.7931767622
     0.0138927127     -0.0104286358      0.0000000000     80.3733439722  -1315.1970081759    -32.4092357504
     0.0142231878     -0.0104591617      0.0000000000     81.9664477444  -1315.5277932479    -30.0039478539
     0.0145527346     -0.0104838303      0.0000000000     83.4363160588  -1315.7377372529    -27.5812280682
     0.0148812233     -0.0105026817      0.0000000000     84.7821614439  -1315.8252873749    -25.1450893198
     0.0152085276     -0.0105157592      0.0000000000     86.0034036555  -1315.7890534482    -22.6996372491
     0.0155345242     -0.0105231095      0.0000000000     87.0996729053  -1315.6339360427    -20.2490112680
     0.0158590937     -0.0105247817      0.0000000000     88.0707978017  -1315.3711203572    -17.7968445781
     0.0161821197     -0.0105208282      0.0000000000     88.9167793785  -1315.0058056151    -15.3462590915
     0.0165034898     -0.0105113036      0.0000000000     89.6377785167  -1314.5371985628    -12.9003952534
     0.0168230950     -0.0104962650      0.0000000000     90.2341181364  -1313.9646407988    -10.4624608440
     0.0171408300     -0.0104757715      0.0000000000     90.7062865099  -1313.2876130725     -8.0357260924
     0.0174565932     -0.0104498843      0.0000000000     91.0549403182  -1312.5057394067     -5.6235185427
     0.0177702867     -0.0104186664      0.0000000000     91.2809074404  -1311.6187909681     -3.2292176863
     0.0180818164     -0.0103821823      0.0000000000     91.3851894620  -1310.6266897364     -0.8562493602
     0.0183910917     -0.0103404981      0.0000000000     91.3689638931  -1309.5295118923      1.4919200718
     0.0186980261     -0.0102936809      0.0000000000     91.2335860831  -1308.3274909803      3.8117897428
     0.0190025366     -0.0102417991      0.0000000000     90.9805908231  -1307.0210207746      6.0998305117
     0.0193045437     -0.0101849219      0.0000000000     90.6116936257  -1305.6106578853      8.3524913724
     0.0196039719     -0.0101231190      0.0000000000     90.1287916733  -1304.0971240534     10.5662060421
     0.0199007490     -0.0100564611      0.0000000000     89.5339644257  -1302.4813081572     12.7373997051
     0.0201948065     -0.0099850190      0.0000000000     88.8294738793  -1300.7642679056     14.8624959108
     0.0204860794     -0.0099088636      0.0000000000     88.0177644717  -1298.9472312068     16.9379236040
     0.0207745059     -0.0098280663      0.0000000000     87.1014624489  -1297.0315972130     18.9601311145
     0.0202930180     -0.0099845352      0.0000000000     86.0807545947  -1295.0180409944     21.0282411571
     0.0198129069     -0.0101498538      0.0000000000     84.9533886262  -1292.9065144547     23.1386865790
     0.0193343519     -0.0103240151      0.0000000000     83.7172952499  -1290.6971434644     25.2878655369
     0.0188575345     -0.0105070078      0.0000000000     82.3705895662  -1288.3902286172     27.4721558522
     0.0183826377     -0.0106988159      0.0000000000     80.9115719145  -1285.9862456337     29.6879225860
     0.0179098460     -0.0108994184      0.0000000000     79.3387283301  -1283.4858453834     31.9315256447
     0.0174393457     -0.0111087898      0.0000000000     77.6507306122  -1280.8898535615     34.1993274261
     0.0169713243     -0.0113268990      0.0000000000     75.8464360021  -1278.1992699924     36.4877004657
     0.0165059704     -0.0115537102      0.0000000000     73.9248864697  -1275.4152675533     38.7930350783
     0.0160434739     -0.0117891820      0.0000000000     71.8853076124  -1272.5391907574     41.1117469685
     0.0155840254     -0.0120332677      0.0000000000     69.7271071651  -1269.5725539317     43.4402848083
     0.0151278166     -0.0122859152      0.0000000000     67.4498731258  -1266.5170390591     45.7751377450
     0.0146750394     -0.0125470666      0.0000000000     65.0533714992  -1263.3744932334     48.1128428383
     0.0142258862     -0.0128166583      0.0000000000     62.5375436636  -1260.1469257766     50.4499924001
     0.0137805500     -0.0130946210      0.0000000000     59.9025033661  -1256.8365049595     52.7832412206
     0.0133392233     -0.0133808795      0.0000000000     57.1484263110  -1253.4455178194     55.1135071895
     0.0129020986     -0.0136753526      0.0000000000     54.2756727946  -1249.9764093950     57.4326406481
     0.0124693683     -0.0139779530      0.0000000000     51.2848907462  -1246.4318150470     59.7375226322
     0.0120412238     -0.0142885876      0.0000000000     48.1769340191  -1242.8145294170     62.0232045873
     0.0116178561     -0.0146071568      0.0000000000     44.9527891518  -1239.1274780377     64.2894368627
     0.0111994549     -0.0149335550      0.0000000000     41.6147223573  -1235.3741059530     66.4863351651
     0.0107862090     -0.0152676704      0.0000000000     38.1679330108  -1231.5589392910     68.5488710046
     0.0103783062     -0.0156093842      0.0000000000     34.6193469196  -1227.6871687512     70.4744362704
     0.0099759326     -0.0159585717      0.0000000000     30.9760180798  -1223.7640990615     72.2606170136
     0.0095792718     -0.0163151020      0.0000000000     27.2451186250  -1219.7951412292     73.9051988886
     0.0091885053     -0.0166788382      0.0000000000     23.4339285059  -1215.7858045501     75.4061722881
     0.0088038115     -0.0170496377      0.0000000000     19.5498249160  -1211.7416883389     76.7617371283
     0.0084253661     -0.0174273519      0.0000000000     15.6002714814  -1207.6684734528     77.9703073065
     0.0080533411     -0.0178118266      0.0000000000     11.5928072333  -1203.5719135760     79.0305147794
     0.0076879053     -0.0182029022      0.0000000000      7.5350353807  -1199.4578263009     79.9412132906
     0.0073292233     -0.0186004138      0.0000000000      3.4346119028  -1195.3320840364     80.7014817084
     0.0069774557     -0.0190041912      0.0000000000     -0.7007660186  -1191.2006047271     81.3106269735
     0.0066327588     -0.0194140595      0.0000000000     -4.8633717079  -1187.0693424250     81.7681866576
     0.0062952841     -0.0198298388      0.0000000000     -9.0454608240  -1182.9442777331     82.0739311022
     0.0059651784     -0.0202513449      0.0000000000    -13.2392832873  -1178.8314081251     82.2278651600
     0.0056425833     -0.0206783892      0.0000000000    -17.4370952854  -1174.7367381661     82.2302295019
     0.0053276352     -0.0211107790      0.0000000000    -21.6311713344  -1170.6662696596     82.0815015126
     0.0050204650     -0.0215483181      0.0000000000    -25.8138163745  -1166.6259917276     81.7823957433
     0.0047211981     -0.0219908064      0.0000000000    -29.9773778789  -1162.6218708585     81.3338639463
     0.0044299538     -0.0224380407      0.0000000000    -34.1142579515  -1158.6598409282     80.7370946611
     0.0041468458     -0.0228898148      0.0000000000    -38.2169253942  -1154.7457932219     79.9935123694
     0.0038719813     -0.0233459198      0.0000000000    -42.2779277187  -1150.8855664826     79.1047762174
     0.0036054615     -0.0238061445      0.0000000000    -46.2899030823  -1147.0849369866     78.0727782863
     0.0033473815     -0.0242702754      0.0000000000    -50.2455921242  -1143.3496086887     76.8996414406
     0.0030978295     -0.0247380972      0.0000000000    -54.1378496809  -1139.6852034489     75.5877167341
     0.0028568875     -0.0252093932      0.0000000000    -57.9596563581  -1136.0972513430     74.1395803879
     0.0026246310     -0.0256839454      0.0000000000    -61.7041299376  -1132.5911811138     72.5580303385
     0.0024011289     -0.0261615350      0.0000000000    -65.3645365970  -1129.1723107531     70.8460823666
     0.0021864433     -0.0266419425      0.0000000000    -68.9343019211  -1125.8458382368     69.0069658063
     0.0019806298     -0.0271249483      0.0000000000    -72.4070216841  -1122.6168324429     67.0441188489
     0.0017837375     -0.0276103325      0.0000000000    -75.7764723816  -1119.4902242716     64.9611834401
     0.0015958087     -0.0280978758      0.0000000000    -79.0366214918  -1116.4707979742     62.7619997877
     0.0014168794     -0.0285873595      0.0000000000    -82.1816374475  -1113.5631827142     60.4506004854
     0.0012469789     -0.0290785658      0.0000000000    -85.2058992971  -1110.7718443872     58.0312042644
     0.0010861301     -0.0295712779      0.0000000000    -88.1040060385  -1108.1010777028     55.5082093720
     0.0009343497     -0.0300652809      0.0000000000    -90.8707856060  -1105.5549985572     52.8861866229
     0.0007916480     -0.0305603614      0.0000000000    -93.5013034935  -1103.1375366984     50.1698720895
     0.0006580294     -0.0310563082      0.0000000000    -95.9908709959  -1100.8524287166     47.3641594863
     0.0005334921     -0.0315529123      0.0000000000    -98.3350530549  -1098.7032113651     44.4740922359
     0.0004180284     -0.0320499674      0.0000000000   -100.5296756913  -1096.6932152201     41.5048552380
     0.0003116253     -0.0325472699      0.0000000000   -102.5708330108  -1094.8255587079     38.4617663761
     0.0002142637     -0.0330446194      0.0000000000   -104.4548937684  -1093.1031425017     35.3502677426
     0.0001259197     -0.0335418186      0.0000000000   -106.1785074801  -1091.5286442956     32.1759166303
     0.0000465639     -0.0340386739      0.0000000000   -107.7386100673  -1090.1045139850     28.9443762978
    -0.0000238380     -0.0345349953      0.0000000000   -109.1324289206  -1088.8329692399     25.6614023849
    -0.0000220589     -0.0345500432      0.0000000000   -110.3574871591  -1087.7159917236     22.3328250457
    -0.0000198048     -0.0345631581      0.0000000000   -111.4116078155  -1086.7553235006     18.9645638763
    -0.0000171404     -0.0345743086      0.0000000000   -112.2929179378  -1085.9524636754     15.5626097072
    -0.0000141316     -0.0345834683      0.0000000000   -112.9998518627  -1085.3086656752     12.1330103894
    -0.0000108458     -0.0345906154      0.0000000000   -113.5311538654  -1084.8249349793      8.6818605699
    -0.0000073513     -0.0345957327      0.0000000000   -113.8858802863  -1084.5020272982      5.2152914054
    -0.0000037174     -0.0345988081      0.0000000000   -114.0634011293  -1084.3404472007      1.7394601698
