    -0.0000000169     -0.0348796363      0.0000000000   -114.3492933336  -1090.8022902690     -1.7453426626
     0.0000037090     -0.0348786081      0.0000000000   -114.1711722049  -1090.9644853722     -5.2329263642
     0.0000073649     -0.0348755251      0.0000000000   -113.8152464903  -1091.2886221206     -8.7112104614
     0.0000108810     -0.0348703948      0.0000000000   -113.2821487392  -1091.7741940581    -12.1740127098
     0.0000141878     -0.0348632295      0.0000000000   -112.5728264371  -1092.4204426468    -15.6151770785
     0.0000172170     -0.0348540463      0.0000000000   -111.6885404013  -1093.2263586434    -19.0285841581
     0.0000199009     -0.0348428670      0.0000000000   -110.6308626481  -1094.1906839240    -22.4081614950
     0.0000221734     -0.0348297183      0.0000000000   -109.4016737336  -1095.3119137637    -25.7478938378
     0.0000239698     -0.0348146315      0.0000000000   -108.0031594690  -1096.5882995561    -29.0418374362
    -0.0000470911     -0.0343137499      0.0000000000   -106.4378068026  -1098.0178521945    -32.2841383584
    -0.0001271863     -0.0338123421      0.0000000000   -104.7083996214  -1099.5983456611    -35.4690173423
    -0.0002163497     -0.0333105995      0.0000000000   -102.8180144794  -1101.3273208290    -38.5907878076
    -0.0003146107     -0.0328087173      0.0000000000   -100.7700155182  -1103.2020898920    -41.6438694799
    -0.0004219932     -0.0323068944      0.0000000000    -98.5680488034  -1105.2197412082    -44.6227976782
    -0.0005385159     -0.0318053326      0.0000000000    -96.2160361926  -1107.3771445253    -47.5222323422
    -0.0006641917     -0.0313042371      0.0000000000    -93.7181687492  -1109.6709566172    -50.3369668432
    -0.0007990281     -0.0308038157      0.0000000000    -91.0788997124  -1112.0976272582    -53.0619365094
    -0.0009430263     -0.0303042790      0.0000000000    -88.3029370402  -1114.6534055874    -55.6922268802
    -0.0010961820     -0.0298058396      0.0000000000    -85.3952355373  -1117.3343468099    -58.2230816740
    -0.0012584843     -0.0293087125      0.0000000000    -82.3609885849  -1120.1363192216    -60.6499104320
    -0.0014299162     -0.0288131144      0.0000000000    -79.2056194887  -1123.0550115658    -62.9682958504
    -0.0016104544     -0.0283192633      0.0000000000    -75.9347724605  -1126.0859406815    -65.1740007630
    -0.0018000690     -0.0278273786      0.0000000000    -72.5543032529  -1129.2244594471    -67.2629747825
    -0.0019987236     -0.0273376806      0.0000000000    -69.0702694641  -1132.4657649834    -69.2313605784
    -0.0022063754     -0.0268503903      0.0000000000    -65.4889205314  -1135.8049071162    -71.0754997710
    -0.0024229747     -0.0263657288      0.0000000000    -61.8166874342  -1139.2367970695    -72.7919384546
    -0.0026484653     -0.0258839173      0.0000000000    -58.0601721247  -1142.7562163790    -74.3774323160
    -0.0028827845     -0.0254051769      0.0000000000    -54.2261367075  -1146.3578260009    -75.8289513583
    -0.0031258626     -0.0249297279      0.0000000000    -50.3214923890  -1150.0361755926    -77.1436842069
    -0.0033776235     -0.0244577897      0.0000000000    -46.3532882171  -1153.7857129708    -78.3190420021
    -0.0036379846     -0.0239895806      0.0000000000    -42.3286996334  -1157.6007936890    -79.3526618686
    -0.0039068567     -0.0235253172      0.0000000000    -38.2550168589  -1161.4756907563    -80.2424099557
    -0.0041841439     -0.0230652144      0.0000000000    -34.1396331358  -1165.4046044312    -80.9863840450
    -0.0044697445     -0.0226094850      0.0000000000    -29.9900328471  -1169.3816721209    -81.5829157232
    -0.0047635500     -0.0221583391      0.0000000000    -25.8137795364  -1173.4009783310    -82.0305721164
    -0.0050654460     -0.0217119845      0.0000000000    -21.6185038506  -1177.4565646497    -82.3281571896
    -0.0053753123     -0.0212706256      0.0000000000    -17.4118914273  -1181.5424397561    -82.4747125963
    -0.0056930225     -0.0208344638      0.0000000000    -13.2016707502  -1185.6525894372    -82.4695181061
    -0.0060184447     -0.0204036968      0.0000000000     -8.9956009934  -1189.7809865682    -82.3120915814
    -0.0063514415     -0.0199785184      0.0000000000     -4.8014598785  -1193.9216010686    -82.0021885259
    -0.0066918703     -0.0195591186      0.0000000000     -0.6270315654  -1198.0684097907    -81.5398012053
    -0.0070395833     -0.0191456829      0.0000000000      3.5199054014  -1202.2154063248    -80.9251573344
    -0.0073944277     -0.0187383921      0.0000000000      7.6315900677  -1206.3566107217    -80.1587183544
    -0.0077562462     -0.0183374227      0.0000000000     11.7002909472  -1210.4860790845    -79.2411772827
    -0.0081248772     -0.0179429457      0.0000000000     15.7183177784  -1214.5979130245    -78.1734561648
    -0.0085001547     -0.0175551273      0.0000000000     19.6780331411  -1218.6862689799    -76.9567031285
    -0.0088819090     -0.0171741282      0.0000000000     23.5718639126  -1222.7453673392    -75.5922890369
    -0.0092699667     -0.0168001037      0.0000000000     27.3923125435  -1226.7695014033    -74.0818037702
    -0.0096641510     -0.0164332032      0.0000000000     31.1319681342  -1230.7530461214    -72.4270521339
    -0.0100642822     -0.0160735706      0.0000000000     34.7835172932  -1234.6904666136    -70.6300494066
    -0.0104701777     -0.0157213436      0.0000000000     38.3397547594  -1238.5763264694    -68.6930165405
    -0.0108816524     -0.0153766541      0.0000000000     41.7935937703  -1242.4052957726    -66.6183750286
    -0.0112985192     -0.0150396278      0.0000000000     45.1380761611  -1246.1721588794    -64.4087414465
    -0.0117205891     -0.0147103841      0.0000000000     48.3680355532  -1249.8723871946    -62.1316962168
    -0.0121476718     -0.0143890359      0.0000000000     51.4812625166  -1253.5025414827    -59.8355035725
    -0.0125795764     -0.0140756895      0.0000000000     54.4768139087  -1257.0596975907    -57.5215087516
    -0.0130161107     -0.0137704453      0.0000000000     57.3538840366  -1260.5410640785    -55.1937514036
    -0.0134570818     -0.0134733971      0.0000000000     60.1118501388  -1263.9440011028    -52.8553585870
    -0.0139022963     -0.0131846330      0.0000000000     62.7503368352  -1267.2660455994    -50.5128949396
    -0.0143515604     -0.0129042347      0.0000000000     65.2691495105  -1270.5048914209    -48.1668776624
    -0.0148046799     -0.0126322783      0.0000000000     67.6681923946  -1273.6583640286    -45.8206620158
    -0.0152614609     -0.0123688336      0.0000000000     69.9475426054  -1276.7244482765    -43.4776659933
    -0.0157217095     -0.0121139648      0.0000000000     72.1074531664  -1279.7012916897    -41.1413630777
    -0.0161852324     -0.0118677304      0.0000000000     74.1483556520  -1282.5872073786    -38.8152748841
    -0.0166518368     -0.0116301830      0.0000000000     76.0708624540  -1285.3806765941    -36.5029637098
    -0.0171213307     -0.0114013700      0.0000000000     77.8757686670  -1288.0803509137    -34.2080250050
    -0.0175935228     -0.0111813330      0.0000000000     79.5640535861  -1290.6850540551    -31.9340797794
    -0.0180682231     -0.0109701085      0.0000000000     81.1368818177  -1293.1937833472    -29.6847669734
    -0.0185452429     -0.0107677279      0.0000000000     82.5956039991  -1295.6057107818    -27.4637357931
    -0.0190243947     -0.0105742173      0.0000000000     83.9417571265  -1297.9201837491    -25.2746380456
    -0.0195054924     -0.0103895978      0.0000000000     85.1770644928  -1300.1367253716    -23.1211204757
    -0.0199883517     -0.0102138859      0.0000000000     86.3034352338  -1302.2550344796    -21.0068171342
    -0.0204727900     -0.0100470934      0.0000000000     87.3229634867  -1304.2749852358    -18.9353417804
    -0.0209586264     -0.0098892274      0.0000000000     88.2379269853  -1306.1966263828    -16.9102734451
    -0.0206673647     -0.0099708387      0.0000000000     89.0481405247  -1308.0192757464    -14.8315422970
    -0.0203732393     -0.0100477593      0.0000000000     89.7509555801  -1309.7415193388    -12.7027124431
    -0.0200763127     -0.0101199178      0.0000000000     90.3439060852  -1311.3621150689    -10.5273679764
    -0.0197766507     -0.0101872427      0.0000000000     90.8247090934  -1312.8799917180     -8.3090988949
    -0.0194743229     -0.0102496629      0.0000000000     91.1912648989  -1314.2942475852     -6.0514940486
    -0.0191694022     -0.0103071075      0.0000000000     91.4416568016  -1315.6041488057     -3.7581342165
    -0.0188619651     -0.0103595064      0.0000000000     91.5741505219  -1316.8091273719     -1.4325853325
    -0.0185520920     -0.0104067901      0.0000000000     91.5871932746  -1317.9087788328      0.9216081233
    -0.0182398667     -0.0104488900      0.0000000000     91.4794125088  -1318.9028597132      3.3009295653
    -0.0179253768     -0.0104857386      0.0000000000     91.2496143248  -1319.7912846490      5.7018965542
    -0.0176087138     -0.0105172697      0.0000000000     90.8967815758  -1320.5741232466      8.1210668522
    -0.0172899727     -0.0105434186      0.0000000000     90.4200716668  -1321.2515966896     10.5550442677
    -0.0169692524     -0.0105641220      0.0000000000     89.8188140602  -1321.8240740900     13.0004842846
    -0.0166466555     -0.0105793187      0.0000000000     89.0925075000  -1322.2920686106     15.4540994568
    -0.0163222882     -0.0105889491      0.0000000000     88.2408169665  -1322.6562333643     17.9126645732
    -0.0159962606     -0.0105929563      0.0000000000     87.2635703738  -1322.9173571039     20.3730215693
    -0.0156686861     -0.0105912853      0.0000000000     86.1607563870  -1323.0702369076     22.8320307568
    -0.0153396821     -0.0105838839      0.0000000000     84.9325370071  -1323.1036846764     25.2860410247
    -0.0150093691     -0.0105707026      0.0000000000     83.5792735487  -1323.0127977426     27.7308949505
    -0.0146778713     -0.0105516950      0.0000000000     82.1015387038  -1322.7989649751     30.1624688110
    -0.0143453161     -0.0105268174      0.0000000000     80.5001133160  -1322.4637386899     32.5767315494
    -0.0140118345     -0.0104960299      0.0000000000     78.7759815160  -1322.0088291810     34.9697500220
    -0.0136775602     -0.0104592956      0.0000000000     76.9303255968  -1321.4360990558     37.3376939546
    -0.0133426302     -0.0104165814      0.0000000000     74.9645206429  -1320.7475574311     39.6768406021
    -0.0130071845     -0.0103678580      0.0000000000     72.8801289300  -1319.9453539702     41.9835791101
    -0.0126713657     -0.0103131000      0.0000000000     70.6788941090  -1319.0317727869     44.2544145707
    -0.0123353191     -0.0102522861      0.0000000000     68.3627351914  -1318.0092262371     46.4859717757
    -0.0119991925     -0.0101853991      0.0000000000     65.9337403505  -1316.8802486145     48.6749986662
    -0.0116631361     -0.0101124264      0.0000000000     63.3941605546  -1315.6474897560     50.8183694656
    -0.0113273021     -0.0100333598      0.0000000000     60.7464030478  -1314.3137085679     52.9130875170
    -0.0109918448     -0.0099481957      0.0000000000     57.9930246939  -1312.8817665237     54.9562878066
    -0.0106569201     -0.0098569353      0.0000000000     55.1367251997  -1311.3546210907     56.9452391823
    -0.0103226858     -0.0097595845      0.0000000000     52.1803402319  -1309.7353191578     58.8773462756
    -0.0099893008     -0.0096561543      0.0000000000     49.1268344444  -1308.0269904376     60.7501511160
    -0.0096569252     -0.0095466609      0.0000000000     45.9792944301  -1306.2328408774     62.5613344540
    -0.0093257204     -0.0094311251      0.0000000000     42.7409216129  -1304.3561460883     64.3087167905
    -0.0089958481     -0.0093095735      0.0000000000     39.4150250948  -1302.4002448061     65.9902591192
    -0.0086674709     -0.0091820376      0.0000000000     36.0050144714  -1300.3685323975     67.6040633876
    -0.0083407516     -0.0090485541      0.0000000000     32.5143926319  -1298.2644544200     69.1483726810
    -0.0080158530     -0.0089091653      0.0000000000     28.9467485561  -1296.0915002569     70.6215711387
    -0.0076929378     -0.0087639188      0.0000000000     25.3057501221  -1293.8531968306     72.0221836083
    -0.0073721684     -0.0086128674      0.0000000000     21.5951369385  -1291.5531024118     73.3488750460
    -0.0070537066     -0.0084560695      0.0000000000     17.8187132138  -1289.1948005339     74.6004496693
    -0.0067377133     -0.0082935887      0.0000000000     13.9803406743  -1286.7818940143     75.7758498740
    -0.0064243483     -0.0081254942      0.0000000000     10.0839315436  -1284.3179991147     76.8741549232
    -0.0061137701     -0.0079518603      0.0000000000      6.1334415950  -1281.8067398216     77.8945794143
    -0.0058061359     -0.0077727667      0.0000000000      2.1328632864  -1279.2517422764     78.8364715394
    -0.0055016008     -0.0075882984      0.0000000000     -1.9137810095  -1276.6566293561     79.6993111465
    -0.0052003180     -0.0073985455      0.0000000000     -6.0024456727  -1274.0250154111     80.4827076106
    -0.0049024386     -0.0072036033      0.0000000000    -10.1290683888  -1271.3605011688     81.1863975266
    -0.0046081112     -0.0070035721      0.0000000000    -14.2895765805  -1268.6666688091     81.8102422364
    -0.0043174817     -0.0067985572      0.0000000000    -18.4798937095  -1265.9470772149     82.3542251972
    -0.0040306932     -0.0065886688      0.0000000000    -22.6959454386  -1263.2052574098     82.8184492060
    -0.0037478855     -0.0063740217      0.0000000000    -26.9336656508  -1260.4447081776     83.2031334920
    -0.0034691953     -0.0061547355      0.0000000000    -31.1890023148  -1257.6688918739     83.5086106793
    -0.0031947558     -0.0059309342      0.0000000000    -35.4579231944  -1254.8812304328     83.7353236480
    -0.0029246965     -0.0057027463      0.0000000000    -39.7364213940  -1252.0851015660     83.8838222869
    -0.0026591429     -0.0054703043      0.0000000000    -44.0205207361  -1249.2838351643     83.9547601626
    -0.0023982167     -0.0052337451      0.0000000000    -48.3062809675  -1246.4807098930     83.9488911087
    -0.0021420350     -0.0049932092      0.0000000000    -52.5898027888  -1243.6789499900     83.8670657498
    -0.0018907108     -0.0047488410      0.0000000000    -56.8672327057  -1240.8817222623     83.7102279700
    -0.0016443524     -0.0045007886      0.0000000000    -61.1347676987  -1238.0921332822     83.4794113371
    -0.0014030636     -0.0042492033      0.0000000000    -65.3886597090  -1235.3132267808     83.1757354927
    -0.0011669430     -0.0039942396      0.0000000000    -69.6252199402  -1232.5479812352     82.8004025198
    -0.0009360845     -0.0037360552      0.0000000000    -73.8408229209  -1229.7993076525     82.3546912198
    -0.0008723420     -0.0036576528      0.0000000000    -78.0311149812  -1227.0703195390     81.8087940995
    -0.0008108182     -0.0035791487      0.0000000000    -82.1910184804  -1224.3643308947     81.1641555614
    -0.0007515433     -0.0035006519      0.0000000000    -86.3155317838  -1221.6845822304     80.4223089080
    -0.0006945428     -0.0034222731      0.0000000000    -90.3997336561  -1219.0342387607     79.5848706520
    -0.0006398376     -0.0033441236      0.0000000000    -94.4387874181  -1216.4163887690     78.6535369330
    -0.0005874441     -0.0032663160      0.0000000000    -98.4279449204  -1213.8340421454     77.6300799686
    -0.0005373740     -0.0031889633      0.0000000000   -102.3625503385  -1211.2901290867     76.5163445521
    -0.0004896341     -0.0031121792      0.0000000000   -106.2380437895  -1208.7874989535     75.3142445987
    -0.0004442266     -0.0030360773      0.0000000000   -110.0499647736  -1206.3289192814     74.0257597508
    -0.0004011487     -0.0029607714      0.0000000000   -113.7939554453  -1203.9170749349     72.6529320488
    -0.0003603930     -0.0028863749      0.0000000000   -117.4657637151  -1201.5545674035     71.1978626701
    -0.0003219469     -0.0028130006      0.0000000000   -121.0612461872  -1199.2439142246     69.6627087452
    -0.0002857933     -0.0027407609      0.0000000000   -124.5763709368  -1196.9875485350     68.0496802532
    -0.0002519102     -0.0026697668      0.0000000000   -128.0072201312  -1194.7878187364     66.3610370032
    -0.0002202706     -0.0026001283      0.0000000000   -131.3499924982  -1192.6469882715     64.5990857029
    -0.0001908431     -0.0025319541      0.0000000000   -134.6010056485  -1190.5672355008     62.7661771202
    -0.0001635914     -0.0024653510      0.0000000000   -137.7566982545  -1188.5506536733     60.8647033387
    -0.0001384745     -0.0024004239      0.0000000000   -140.8136320922  -1186.5992509836     58.8970951103
    -0.0001154472     -0.0023372758      0.0000000000   -143.7684939497  -1184.7149507050     56.8658193061
    -0.0000944594     -0.0022760071      0.0000000000   -146.6180974091  -1182.8995913952     54.7733764676
    -0.0000754569     -0.0022167158      0.0000000000   -149.3593845052  -1181.1549271614     52.6222984565
    -0.0000583813     -0.0021594971      0.0000000000   -151.9894272668  -1179.4826279814     50.4151462077
    -0.0000431699     -0.0021044433      0.0000000000   -154.5054291466  -1177.8842800706     48.1545075790
    -0.0000297560     -0.0020516434      0.0000000000   -156.9047263427  -1176.3613862875     45.8429953032
    -0.0000180692     -0.0020011832      0.0000000000   -159.1847890189  -1174.9153665710     43.4832450352
    -0.0000080351     -0.0019531449      0.0000000000   -161.3432224276  -1173.5475584023     41.0779134967
     0.0000004239     -0.0019076070      0.0000000000   -163.3777679404  -1172.2592172829     38.6296767136
     0.0000073891     -0.0018646441      0.0000000000   -165.2863039903  -1171.0515172239     36.1412283454
     0.0000129449     -0.0018243268      0.0000000000   -167.0668469323  -1169.9255512379     33.6152780996
     0.0000171789     -0.0017867215      0.0000000000   -168.7175518237  -1168.8823318292     31.0545502337
     0.0000201813     -0.0017518903      0.0000000000   -170.2367131311  -1167.9227914750     28.4617821338
     0.0000220451     -0.0017198907      0.0000000000   -171.6227653659  -1167.0477830924     25.8397229711
     0.0000228658     -0.0016907758      0.0000000000   -172.8742836539  -1166.2580804862     23.1911324283
     0.0000227412     -0.0016645940      0.0000000000   -173.9899842406  -1165.5543787716     20.5187794917
     0.0000217711     -0.0016413886      0.0000000000   -174.9687249371  -1164.9372947683     17.8254413046
     0.0000200571     -0.0016211984      0.0000000000   -175.8095055088  -1164.4073673619     15.1139020750
     0.0000177024     -0.0016040569      0.0000000000   -176.5114680091  -1163.9650578273     12.3869520321
     0.0000148116     -0.0015899929      0.0000000000   -177.0738970616  -1163.6107501133      9.6473864266
     0.0000114906     -0.0015790297      0.0000000000   -177.4962200914  -1163.3447510833      6.8980045667
     0.0000078462     -0.0015711856      0.0000000000   -177.7780075091  -1163.1672907111      4.1416088854
     0.0000039856     -0.0015664738      0.0000000000   -177.9189728462  -1163.0785222294      1.3810040299
     0.0000000169     -0.0015649021      0.0000000000   -177.9189728462  -1163.0785222294     -1.3810040300
    -0.0000039518     -0.0015664732      0.0000000000   -177.7780075091  -1163.1672907111     -4.1416088854
    -0.0000078123     -0.0015711844      0.0000000000   -177.4962200914  -1163.3447510833     -6.8980045668
    -0.0000114568     -0.0015790279      0.0000000000   -177.0738970616  -1163.6107501133     -9.6473864266
    -0.0000147779     -0.0015899905      0.0000000000   -176.5114680091  -1163.9650578273    -12.3869520321
    -0.0000176687     -0.0016040540      0.0000000000   -175.8095055088  -1164.4073673619    -15.1139020750
    -0.0000200234     -0.0016211948      0.0000000000   -174.9687249371  -1164.9372947683    -17.8254413046
    -0.0000217375     -0.0016413845      0.0000000000   -173.9899842406  -1165.5543787716    -20.5187794918
    -0.0000227077     -0.0016645892      0.0000000000   -172.8742836539  -1166.2580804862    -23.1911324284
    -0.0000228324     -0.0016907705      0.0000000000   -171.6227653659  -1167.0477830924    -25.8397229712
    -0.0000220117     -0.0017198848      0.0000000000   -170.2367131311  -1167.9227914750    -28.4617821338
    -0.0000201480     -0.0017518838      0.0000000000   -168.7175518237  -1168.8823318292    -31.0545502337
    -0.0000171458     -0.0017867145      0.0000000000   -167.0668469323  -1169.9255512379    -33.6152780997
    -0.0000129120     -0.0018243192      0.0000000000   -165.2863039903  -1171.0515172239    -36.1412283454
    -0.0000073563     -0.0018646359      0.0000000000   -163.3777679404  -1172.2592172829    -38.6296767137
    -0.0000003912     -0.0019075982      0.0000000000   -161.3432224276  -1173.5475584022    -41.0779134966
     0.0000080677     -0.0019531356      0.0000000000   -159.1847890189  -1174.9153665710    -43.4832450352
     0.0000181015     -0.0020011733      0.0000000000   -156.9047263427  -1176.3613862875    -45.8429953032
     0.0000297882     -0.0020516329      0.0000000000   -154.5054291466  -1177.8842800706    -48.1545075790
     0.0000432019     -0.0021044322      0.0000000000   -151.9894272668  -1179.4826279815    -50.4151462076
     0.0000584131     -0.0021594855      0.0000000000   -149.3593845052  -1181.1549271614    -52.6222984566
     0.0000754885     -0.0022167036      0.0000000000   -146.6180974091  -1182.8995913951    -54.7733764675
     0.0000944908     -0.0022759944      0.0000000000   -143.7684939497  -1184.7149507050    -56.8658193062
     0.0001154783     -0.0023372626      0.0000000000   -140.8136320922  -1186.5992509835    -58.8970951103
     0.0001385055     -0.0024004102      0.0000000000   -137.7566982545  -1188.5506536734    -60.8647033387
     0.0001636221     -0.0024653367      0.0000000000   -134.6010056485  -1190.5672355008    -62.7661771202
     0.0001908735     -0.0025319393      0.0000000000   -131.3499924982  -1192.6469882715    -64.5990857029
     0.0002203008     -0.0026001130      0.0000000000   -128.0072201312  -1194.7878187364    -66.3610370032
     0.0002519401     -0.0026697509      0.0000000000   -124.5763709368  -1196.9875485349    -68.0496802532
     0.0002858229     -0.0027407444      0.0000000000   -121.0612461872  -1199.2439142246    -69.6627087452
     0.0003219762     -0.0028129837      0.0000000000   -117.4657637151  -1201.5545674036    -71.1978626702
     0.0003604220     -0.0028863574      0.0000000000   -113.7939554454  -1203.9170749349    -72.6529320487
     0.0004011775     -0.0029607535      0.0000000000   -110.0499647736  -1206.3289192813    -74.0257597508
     0.0004442550     -0.0030360589      0.0000000000   -106.2380437895  -1208.7874989536    -75.3142445986
     0.0004896622     -0.0031121603      0.0000000000   -102.3625503385  -1211.2901290868    -76.5163445521
     0.0005374017     -0.0031889439      0.0000000000    -98.4279449204  -1213.8340421455    -77.6300799686
     0.0005874715     -0.0032662961      0.0000000000    -94.4387874181  -1216.4163887691    -78.6535369329
     0.0006398646     -0.0033441032      0.0000000000    -90.3997336561  -1219.0342387608    -79.5848706521
     0.0006945695     -0.0034222522      0.0000000000    -86.3155317838  -1221.6845822305    -80.4223089080
     0.0007515696     -0.0035006306      0.0000000000    -82.1910184804  -1224.3643308948    -81.1641555616
     0.0008108442     -0.0035791269      0.0000000000    -78.0311149812  -1227.0703195389    -81.8087940996
     0.0008723675     -0.0036576306      0.0000000000    -73.8408229209  -1229.7993076525    -82.3546912197
     0.0009361096     -0.0037360326      0.0000000000    -69.6252199402  -1232.5479812351    -82.8004025198
     0.0011669677     -0.0039942165      0.0000000000    -65.3886597090  -1235.3132267809    -83.1757354927
     0.0014030879     -0.0042491798      0.0000000000    -61.1347676987  -1238.0921332825    -83.4794113372
     0.0016443764     -0.0045007647      0.0000000000    -56.8672327058  -1240.8817222623    -83.7102279701
     0.0018907343     -0.0047488167      0.0000000000    -52.5898027888  -1243.6789499900    -83.8670657497
     0.0021420581     -0.0049931844      0.0000000000    -48.3062809675  -1246.4807098932    -83.9488911085
     0.0023982393     -0.0052337199      0.0000000000    -44.0205207361  -1249.2838351643    -83.9547601625
     0.0026591651     -0.0054702788      0.0000000000    -39.7364213940  -1252.0851015664    -83.8838222868
     0.0029247183     -0.0057027203      0.0000000000    -35.4579231944  -1254.8812304326    -83.7353236481
     0.0031947771     -0.0059309079      0.0000000000    -31.1890023148  -1257.6688918737    -83.5086106794
     0.0034692161     -0.0061547088      0.0000000000    -26.9336656508  -1260.4447081776    -83.2031334920
     0.0037479058     -0.0063739947      0.0000000000    -22.6959454386  -1263.2052574100    -82.8184492066
     0.0040307131     -0.0065886414      0.0000000000    -18.4798937095  -1265.9470772149    -82.3542251971
     0.0043175011     -0.0067985295      0.0000000000    -14.2895765806  -1268.6666688091    -81.8102422363
     0.0046081302     -0.0070035441      0.0000000000    -10.1290683888  -1271.3605011690    -81.1863975265
     0.0049024571     -0.0072035749      0.0000000000     -6.0024456727  -1274.0250154113    -80.4827076105
     0.0052003359     -0.0073985168      0.0000000000     -1.9137810095  -1276.6566293557    -79.6993111466
     0.0055016182     -0.0075882694      0.0000000000      2.1328632864  -1279.2517422756    -78.8364715394
     0.0058061528     -0.0077727374      0.0000000000      6.1334415950  -1281.8067398220    -77.8945794143
     0.0061137865     -0.0079518307      0.0000000000     10.0839315436  -1284.3179991147    -76.8741549232
     0.0064243642     -0.0081254643      0.0000000000     13.9803406743  -1286.7818940139    -75.7758498740
     0.0067377286     -0.0082935586      0.0000000000     17.8187132138  -1289.1948005339    -74.6004496692
     0.0070537214     -0.0084560391      0.0000000000     21.5951369385  -1291.5531024130    -73.3488750460
     0.0073721827     -0.0086128367      0.0000000000     25.3057501220  -1293.8531968302    -72.0221836082
     0.0076929515     -0.0087638879      0.0000000000     28.9467485561  -1296.0915002573    -70.6215711387
     0.0080158662     -0.0089091342      0.0000000000     32.5143926319  -1298.2644544208    -69.1483726816
     0.0083407643     -0.0090485227      0.0000000000     36.0050144714  -1300.3685323975    -67.6040633877
     0.0086674831     -0.0091820060      0.0000000000     39.4150250948  -1302.4002448061    -65.9902591193
     0.0089958597     -0.0093095417      0.0000000000     42.7409216129  -1304.3561460878    -64.3087167904
     0.0093257314     -0.0094310931      0.0000000000     45.9792944301  -1306.2328408774    -62.5613344538
     0.0096569357     -0.0095466287      0.0000000000     49.1268344444  -1308.0269904380    -60.7501511158
     0.0099893107     -0.0096561220      0.0000000000     52.1803402319  -1309.7353191582    -58.8773462758
     0.0103226951     -0.0097595519      0.0000000000     55.1367251997  -1311.3546210907    -56.9452391823
     0.0106569289     -0.0098569026      0.0000000000     57.9930246939  -1312.8817665233    -54.9562878069
     0.0109918530     -0.0099481629      0.0000000000     60.7464030478  -1314.3137085691    -52.9130875171
     0.0113273097     -0.0100333269      0.0000000000     63.3941605546  -1315.6474897556    -50.8183694654
     0.0116631431     -0.0101123933      0.0000000000     65.9337403505  -1316.8802486150    -48.6749986659
     0.0119991990     -0.0101853659      0.0000000000     68.3627351914  -1318.0092262375    -46.4859717762
     0.0123353249     -0.0102522527      0.0000000000     70.6788941090  -1319.0317727861    -44.2544145707
     0.0126713709     -0.0103130666      0.0000000000     72.8801289299  -1319.9453539702    -41.9835791103
     0.0130071892     -0.0103678245      0.0000000000     74.9645206429  -1320.7475574311    -39.6768406022
     0.0133426343     -0.0104165478      0.0000000000     76.9303255968  -1321.4360990558    -37.3376939548
     0.0136775637     -0.0104592619      0.0000000000     78.7759815160  -1322.0088291806    -34.9697500221
     0.0140118374     -0.0104959962      0.0000000000     80.5001133160  -1322.4637386907    -32.5767315495
     0.0143453185     -0.0105267837      0.0000000000     82.1015387038  -1322.7989649743    -30.1624688114
     0.0146778730     -0.0105516612      0.0000000000     83.5792735487  -1323.0127977422    -27.7308949509
     0.0150093703     -0.0105706688      0.0000000000     84.9325370071  -1323.1036846776    -25.2860410249
     0.0153396827     -0.0105838501      0.0000000000     86.1607563870  -1323.0702369080    -22.8320307572
     0.0156686861     -0.0105912514      0.0000000000     87.2635703738  -1322.9173571039    -20.3730215693
     0.0159962600     -0.0105929225      0.0000000000     88.2408169665  -1322.6562333647    -17.9126645730
     0.0163222870     -0.0105889153      0.0000000000     89.0925075000  -1322.2920686106    -15.4540994574
     0.0166466537     -0.0105792849      0.0000000000     89.8188140602  -1321.8240740900    -13.0004842848
     0.0169692500     -0.0105640883      0.0000000000     90.4200716668  -1321.2515966905    -10.5550442683
     0.0172899697     -0.0105433849      0.0000000000     90.8967815758  -1320.5741232466     -8.1210668518
     0.0176087102     -0.0105172361      0.0000000000     91.2496143248  -1319.7912846498     -5.7018965547
     0.0179253727     -0.0104857050      0.0000000000     91.4794125088  -1318.9028597128     -3.3009295653
     0.0182398620     -0.0104488565      0.0000000000     91.5871932746  -1317.9087788328     -0.9216081236
     0.0185520867     -0.0104067567      0.0000000000     91.5741505219  -1316.8091273723      1.4325853317
     0.0188619593     -0.0103594731      0.0000000000     91.4416568016  -1315.6041488065      3.7581342159
     0.0191693957     -0.0103070743      0.0000000000     91.1912648989  -1314.2942475843      6.0514940489
     0.0194743159     -0.0102496298      0.0000000000     90.8247090934  -1312.8799917180      8.3090988952
     0.0197766431     -0.0101872097      0.0000000000     90.3439060852  -1311.3621150689     10.5273679762
     0.0200763045     -0.0101198850      0.0000000000     89.7509555801  -1309.7415193376     12.7027124429
     0.0203732306     -0.0100477266      0.0000000000     89.0481405247  -1308.0192757481     14.8315422965
     0.0206673554     -0.0099708061      0.0000000000     88.2379269853  -1306.1966263828     16.9102734443
     0.0209586165     -0.0098891950      0.0000000000     87.3229634867  -1304.2749852358     18.9353417807
     0.0204727795     -0.0100470612      0.0000000000     86.3034352338  -1302.2550344804     21.0068171341
     0.0199883407     -0.0102138539      0.0000000000     85.1770644928  -1300.1367253721     23.1211204761
     0.0195054808     -0.0103895660      0.0000000000     83.9417571265  -1297.9201837487     25.2746380456
     0.0190243825     -0.0105741857      0.0000000000     82.5956039991  -1295.6057107830     27.4637357931
     0.0185452302     -0.0107676965      0.0000000000     81.1368818177  -1293.1937833476     29.6847669727
     0.0180682099     -0.0109700774      0.0000000000     79.5640535861  -1290.6850540584     31.9340797791
     0.0175935090     -0.0111813021      0.0000000000     77.8757686670  -1288.0803509141     34.2080250047
     0.0171213164     -0.0114013393      0.0000000000     76.0708624540  -1285.3806765953     36.5029637099
     0.0166518220     -0.0116301526      0.0000000000     74.1483556519  -1282.5872073794     38.8152748839
     0.0161852171     -0.0118677002      0.0000000000     72.1074531664  -1279.7012916884     41.1413630778
     0.0157216936     -0.0121139350      0.0000000000     69.9475426054  -1276.7244482765     43.4776659935
     0.0152614445     -0.0123688040      0.0000000000     67.6681923946  -1273.6583640278     45.8206620161
     0.0148046630     -0.0126322490      0.0000000000     65.2691495105  -1270.5048914221     48.1668776622
     0.0143515430     -0.0129042057      0.0000000000     62.7503368351  -1267.2660455998     50.5128949397
     0.0139022784     -0.0131846043      0.0000000000     60.1118501388  -1263.9440011036     52.8553585867
     0.0134570634     -0.0134733687      0.0000000000     57.3538840366  -1260.5410640781     55.1937514039
     0.0130160917     -0.0137704172      0.0000000000     54.4768139087  -1257.0596975907     57.5215087516
     0.0125795569     -0.0140756618      0.0000000000     51.4812625166  -1253.5025414822     59.8355035725
     0.0121476519     -0.0143890085      0.0000000000     48.3680355532  -1249.8723871970     62.1316962169
     0.0117205687     -0.0147103570      0.0000000000     45.1380761611  -1246.1721588790     64.4087414464
     0.0112984984     -0.0150396011      0.0000000000     41.7935937703  -1242.4052957717     66.6183750285
     0.0108816311     -0.0153766278      0.0000000000     38.3397547593  -1238.5763264689     68.6930165406
     0.0104701559     -0.0157213177      0.0000000000     34.7835172932  -1234.6904666140     70.6300494067
     0.0100642600     -0.0160735450      0.0000000000     31.1319681342  -1230.7530461210     72.4270521338
     0.0096641283     -0.0164331780      0.0000000000     27.3923125434  -1226.7695014020     74.0818037699
     0.0092699436     -0.0168000789      0.0000000000     23.5718639125  -1222.7453673404     75.5922890367
     0.0088818855     -0.0171741039      0.0000000000     19.6780331411  -1218.6862689799     76.9567031286
     0.0085001308     -0.0175551034      0.0000000000     15.7183177784  -1214.5979130258     78.1734561650
     0.0081248528     -0.0179429222      0.0000000000     11.7002909472  -1210.4860790845     79.2411772821
     0.0077562215     -0.0183373996      0.0000000000      7.6315900676  -1206.3566107222     80.1587183547
     0.0073944025     -0.0187383695      0.0000000000      3.5199054013  -1202.2154063260     80.9251573350
     0.0070395577     -0.0191456607      0.0000000000     -0.6270315654  -1198.0684097899     81.5398012056
     0.0066918444     -0.0195590969      0.0000000000     -4.8014598786  -1193.9216010694     82.0021885260
     0.0063514152     -0.0199784971      0.0000000000     -8.9956009934  -1189.7809865690     82.3120915818
     0.0060184180     -0.0204036759      0.0000000000    -13.2016707502  -1185.6525894364     82.4695181060
     0.0056929954     -0.0208344434      0.0000000000    -17.4118914273  -1181.5424397573     82.4747125963
     0.0053752849     -0.0212706057      0.0000000000    -21.6185038506  -1177.4565646497     82.3281571890
     0.0050654183     -0.0217119651      0.0000000000    -25.8137795364  -1173.4009783322     82.0305721168
     0.0047635219     -0.0221583202      0.0000000000    -29.9900328472  -1169.3816721201     81.5829157228
     0.0044697161     -0.0226094665      0.0000000000    -34.1396331359  -1165.4046044295     80.9863840448
     0.0041841152     -0.0230651965      0.0000000000    -38.2550168589  -1161.4756907554     80.2424099556
     0.0039068276     -0.0235252998      0.0000000000    -42.3286996334  -1157.6007936894     79.3526618691
     0.0036379553     -0.0239895637      0.0000000000    -46.3532882171  -1153.7857129704     78.3190420022
     0.0033775939     -0.0244577733      0.0000000000    -50.3214923890  -1150.0361755917     77.1436842074
     0.0031258327     -0.0249297120      0.0000000000    -54.2261367075  -1146.3578260001     75.8289513591
     0.0028827543     -0.0254051616      0.0000000000    -58.0601721248  -1142.7562163798     74.3774323154
     0.0026484349     -0.0258839025      0.0000000000    -61.8166874343  -1139.2367970699     72.7919384542
     0.0024229440     -0.0263657145      0.0000000000    -65.4889205314  -1135.8049071157     71.0754997701
     0.0022063444     -0.0268503765      0.0000000000    -69.0702694641  -1132.4657649838     69.2313605776
     0.0019986925     -0.0273376674      0.0000000000    -72.5543032530  -1129.2244594471     67.2629747825
     0.0018000376     -0.0278273659      0.0000000000    -75.9347724605  -1126.0859406815     65.1740007635
     0.0016104228     -0.0283192512      0.0000000000    -79.2056194887  -1123.0550115658     62.9682958501
     0.0014298844     -0.0288131028      0.0000000000    -82.3609885850  -1120.1363192216     60.6499104331
     0.0012584523     -0.0293087015      0.0000000000    -85.3952355373  -1117.3343468103     58.2230816739
     0.0010961498     -0.0298058292      0.0000000000    -88.3029370402  -1114.6534055878     55.6922268800
     0.0009429940     -0.0303042691      0.0000000000    -91.0788997124  -1112.0976272577     53.0619365092
     0.0007989955     -0.0308038064      0.0000000000    -93.7181687492  -1109.6709566172     50.3369668445
     0.0006641590     -0.0313042283      0.0000000000    -96.2160361926  -1107.3771445261     47.5222323427
     0.0005384830     -0.0318053244      0.0000000000    -98.5680488034  -1105.2197412074     44.6227976778
     0.0004219603     -0.0323068868      0.0000000000   -100.7700155182  -1103.2020898920     41.6438694787
     0.0003145776     -0.0328087103      0.0000000000   -102.8180144794  -1101.3273208285     38.5907878077
     0.0002163165     -0.0333105930      0.0000000000   -104.7083996214  -1099.5983456609     35.4690173416
     0.0001271529     -0.0338123362      0.0000000000   -106.4378068026  -1098.0178521945     32.2841383576
     0.0000470577     -0.0343137446      0.0000000000   -108.0031594690  -1096.5882995563     29.0418374368
    -0.0000240033     -0.0348146268      0.0000000000   -109.4016737336  -1095.3119137637     25.7478938369
    -0.0000222070     -0.0348297142      0.0000000000   -110.6308626481  -1094.1906839242     22.4081614951
    -0.0000199346     -0.0348428634      0.0000000000   -111.6885404013  -1093.2263586434     19.0285841587
    -0.0000172507     -0.0348540433      0.0000000000   -112.5728264371  -1092.4204426469     15.6151770789
    -0.0000142216     -0.0348632272      0.0000000000   -113.2821487392  -1091.7741940579     12.1740127095
    -0.0000109148     -0.0348703931      0.0000000000   -113.8152464903  -1091.2886221206      8.7112104612
    -0.0000073988     -0.0348755239      0.0000000000   -114.1711722049  -1090.9644853721      5.2329263652
    -0.0000037429     -0.0348786075      0.0000000000   -114.3492933336  -1090.8022902690      1.7453426614
