     0.0000000618     -0.0346936741      0.0000000000   -114.1586248557  -1087.9494795035     -1.7414001293
     0.0000037780     -0.0346926462      0.0000000000   -113.9809060462  -1088.1112609064     -5.2211071958
     0.0000074242     -0.0346895671      0.0000000000   -113.6257841098  -1088.4345708930     -8.6915399319
     0.0000109308     -0.0346844443      0.0000000000   -113.0938898765  -1088.9189042836    -12.1465329052
     0.0000142285     -0.0346772898      0.0000000000   -112.3861682555  -1089.5635044535    -15.5799468392
     0.0000172490     -0.0346681208      0.0000000000   -111.5038766350  -1090.3673647051    -18.9856789915
     0.0000199248     -0.0346569592      0.0000000000   -110.4485827537  -1091.3292300910    -22.3576734778
     0.0000221898     -0.0346438315      0.0000000000   -109.2221620476  -1092.4475996891    -25.6899314819
     0.0000239795     -0.0346287690      0.0000000000   -107.8267943732  -1093.7207293161    -28.9765255149
    -0.0000466373     -0.0341309257      0.0000000000   -106.2649599007  -1095.1466349013    -32.2116176521
    -0.0001262348     -0.0336325509      0.0000000000   -104.5394349244  -1096.7230960715    -35.3894445247
    -0.0002148473     -0.0331338352      0.0000000000   -102.6532875995  -1098.4476599433    -38.5043352480
    -0.0003125040     -0.0326349727      0.0000000000   -100.6098728735  -1100.3176455460    -41.5507250075
    -0.0004192290     -0.0321361612      0.0000000000    -98.4128268353  -1102.3301486572    -44.5231643146
    -0.0005350411     -0.0316376016      0.0000000000    -96.0660605977  -1104.4820470189    -47.4163280270
    -0.0006599534     -0.0311394980      0.0000000000    -93.5737537252  -1106.7700059570    -50.2250241222
    -0.0007939734     -0.0306420573      0.0000000000    -90.9403472210  -1109.1904843526    -52.9442022121
    -0.0009371028     -0.0301454889      0.0000000000    -88.1705360864  -1111.7397409903    -55.5689617804
    -0.0010893372     -0.0296500045      0.0000000000    -85.2692614672  -1114.4138412428    -58.0945601174
    -0.0012506662     -0.0291558180      0.0000000000    -82.2417024024  -1117.2086640903    -60.5164199597
    -0.0014210729     -0.0286631451      0.0000000000    -79.0932671919  -1120.1199094552    -62.8301367954
    -0.0016005342     -0.0281722028      0.0000000000    -75.8295843999  -1123.1431058398    -65.0314858302
    -0.0017890207     -0.0276832094      0.0000000000    -72.4564935107  -1126.2736182541    -67.1164286123
    -0.0019864963     -0.0271963843      0.0000000000    -68.9800352562  -1129.5066563965    -69.0811192900
    -0.0021929184     -0.0267119473      0.0000000000    -65.4064416339  -1132.8372831113    -70.9219104975
    -0.0024082379     -0.0262301186      0.0000000000    -61.7421256334  -1136.2604230560    -72.6353588536
    -0.0026323989     -0.0257511185      0.0000000000    -57.9936706923  -1139.7708715938    -74.2182300685
    -0.0028653390     -0.0252751669      0.0000000000    -54.1678199023  -1143.3633038941    -75.6675036554
    -0.0031069892     -0.0248024832      0.0000000000    -50.2714649851  -1147.0322841870    -76.9803772168
    -0.0033572737     -0.0243332858      0.0000000000    -46.3116350592  -1150.7722752024    -78.1542703339
    -0.0036161104     -0.0238677920      0.0000000000    -42.2954852199  -1154.5776477348    -79.1868280149
    -0.0038834106     -0.0234062175      0.0000000000    -38.2302849542  -1158.4426903232    -80.0759237268
    -0.0041590791     -0.0229487762      0.0000000000    -34.1234064113  -1162.3616190478    -80.8196619938
    -0.0044430144     -0.0224956799      0.0000000000    -29.9823125518  -1166.3285873971    -81.4163805595
    -0.0047351090     -0.0220471379      0.0000000000    -25.8145451980  -1170.3376961890    -81.8646521082
    -0.0050352489     -0.0216033570      0.0000000000    -21.6277130071  -1174.3830035445    -82.1632855629
    -0.0053433145     -0.0211645407      0.0000000000    -17.4294793897  -1178.4585348706    -82.3113269214
    -0.0056591801     -0.0207308895      0.0000000000    -13.2275503961  -1182.5582928502    -82.3080596788
    -0.0059827144     -0.0203026002      0.0000000000     -9.0296625930  -1186.6762674066    -82.1530048004
    -0.0063137808     -0.0198798659      0.0000000000     -4.8435709524  -1190.8064456340    -81.8459202615
    -0.0066522372     -0.0194628755      0.0000000000     -0.6770367742  -1194.9428216597    -81.3868001661
    -0.0069979366     -0.0190518138      0.0000000000      3.4621843342  -1199.0794064360    -80.7758734308
    -0.0073507270     -0.0186468610      0.0000000000      7.5663544011  -1203.2102374258    -80.0136020548
    -0.0077104517     -0.0182481924      0.0000000000     11.6277649346  -1207.3293881817    -79.1006789766
    -0.0080769500     -0.0178559785      0.0000000000     15.6387486472  -1211.4309777755    -78.0380255167
    -0.0084500566     -0.0174703847      0.0000000000     19.5916910391  -1215.5091800907    -76.8267884345
    -0.0088296025     -0.0170915710      0.0000000000     23.4790418221  -1219.5582329305    -75.4683365826
    -0.0092154153     -0.0167196919      0.0000000000     27.2933261621  -1223.5724469436    -73.9642571909
    -0.0096073188     -0.0163548962      0.0000000000     31.0271557232  -1227.5462143525    -72.3163517746
    -0.0100051342     -0.0159973271      0.0000000000     34.6732394933  -1231.4740174408    -70.5266316869
    -0.0104086797     -0.0156471217      0.0000000000     38.2243943744  -1235.3504368305    -68.5973133229
    -0.0108177711     -0.0153044112      0.0000000000     41.6735555184  -1239.1701594955    -66.5308129928
    -0.0112322221     -0.0149693207      0.0000000000     45.0137863943  -1242.9279864996    -64.3297414662
    -0.0116518444     -0.0146419690      0.0000000000     48.2398972234  -1246.6193904763    -62.0599206602
    -0.0120764488     -0.0143224685      0.0000000000     51.3496393243  -1250.2409278884    -59.7707523293
    -0.0125058450     -0.0140109251      0.0000000000     54.3420406551  -1253.7896737212    -57.4628497330
    -0.0129398418     -0.0137074384      0.0000000000     57.2162634331  -1257.2628344485    -55.1408595118
    -0.0133782472     -0.0134121019      0.0000000000     59.9716681587  -1260.6577732620    -52.8079031803
    -0.0138208686     -0.0131250032      0.0000000000     62.6078895959  -1263.9720391754    -50.4716040625
    -0.0142675129     -0.0128462235      0.0000000000     65.1247458226  -1267.2033388349    -48.1315205586
    -0.0147179870     -0.0125758384      0.0000000000     67.5221291135  -1270.3495019032    -45.7910010713
    -0.0151720978     -0.0123139175      0.0000000000     69.8001042769  -1273.4085171399    -43.4534565699
    -0.0156296524     -0.0120605244      0.0000000000     71.9589116640  -1276.3785356656    -41.1223533518
    -0.0160904581     -0.0118157173      0.0000000000     73.9989698066  -1279.2578738646    -38.8012057003
    -0.0165543232     -0.0115795484      0.0000000000     75.9208776759  -1282.0450159260    -36.4935684465
    -0.0170210565     -0.0113520647      0.0000000000     77.7254165615  -1284.7386160176    -34.2030294479
    -0.0174904676     -0.0111333077      0.0000000000     79.4135515634  -1287.3375001036    -31.9332020148
    -0.0179623675     -0.0109233134      0.0000000000     80.9864326971  -1289.8406673765    -29.6877172859
    -0.0184365682     -0.0107221129      0.0000000000     82.4453956085  -1292.2472913299    -27.4702165839
    -0.0189128831     -0.0105297321      0.0000000000     83.7919618983  -1294.5567204636    -25.2843437611
    -0.0193911271     -0.0103461919      0.0000000000     85.0278390565  -1296.7684786138    -23.1337375536
    -0.0198711168     -0.0101715084      0.0000000000     86.1549200059  -1298.8822649336    -21.0220239586
    -0.0203526704     -0.0100056933      0.0000000000     87.1752822588  -1300.8979534846    -18.9528086585
    -0.0208356079     -0.0098487534      0.0000000000     88.0911865130  -1302.8155925037    -16.9296626395
    -0.0205462362     -0.0099298169      0.0000000000     88.9024464344  -1304.6345044639    -14.8531473141
    -0.0202540125     -0.0100062222      0.0000000000     89.6064282673  -1306.3532851737    -12.7268183823
    -0.0199589987     -0.0100778980      0.0000000000     90.2006802750  -1307.9707018962    -10.5542511327
    -0.0196612602     -0.0101447731      0.0000000000     90.6829333827  -1309.4856923133     -8.3390264281
    -0.0193608657     -0.0102067765      0.0000000000     91.0511012816  -1310.8973631624     -6.0847236599
    -0.0190578877     -0.0102638378      0.0000000000     91.3032801785  -1312.2049885381     -3.7949138531
    -0.0187524022     -0.0103158868      0.0000000000     91.4377481953  -1313.4080079150     -1.4731529039
    -0.0184444887     -0.0103628543      0.0000000000     91.4529644291  -1314.5060238272      0.8770250106
    -0.0181342307     -0.0104046720      0.0000000000     91.3475676792  -1315.4987992924      3.2521138577
    -0.0178217150     -0.0104412725      0.0000000000     91.1203748511  -1316.3862549320      5.6486419736
    -0.0175070324     -0.0104725897      0.0000000000     90.7703790483  -1317.1684658259      8.0631781116
    -0.0171902774     -0.0104985591      0.0000000000     90.2967473598  -1317.8456581131     10.4923372604
    -0.0168715482     -0.0105191175      0.0000000000     89.6988183570  -1318.4182053391     12.9327862561
    -0.0165509468     -0.0105342037      0.0000000000     88.9760993091  -1318.8866245796     15.3812491608
    -0.0162285787     -0.0105437586      0.0000000000     88.1282631310  -1319.2515723277     17.8345124060
    -0.0159045532     -0.0105477250      0.0000000000     87.1551450741  -1319.5138401867     20.2894296855
    -0.0155789834     -0.0105460482      0.0000000000     86.0567405377  -1319.6682275518     22.7428731677
    -0.0152519855     -0.0105386759      0.0000000000     84.8332176499  -1319.7035481102     25.1912036762
    -0.0149236797     -0.0105255588      0.0000000000     83.4849432419  -1319.6149004393     27.6302757823
    -0.0145941894     -0.0105066505      0.0000000000     82.0124949085  -1319.4036741282     30.0559777968
    -0.0142636413     -0.0104819073      0.0000000000     80.4166577814  -1319.0714216783     32.4642907200
    -0.0139321656     -0.0104512893      0.0000000000     78.6984196640  -1318.6198530335     34.8512934684
    -0.0135998954     -0.0104147596      0.0000000000     76.8589659064  -1318.0508299311     37.2131678118
    -0.0132669670     -0.0103722852      0.0000000000     74.8996740364  -1317.3663600873     39.5462030164
    -0.0129335196     -0.0103238366      0.0000000000     72.8221081610  -1316.5685912465     41.8468001857
    -0.0125996951     -0.0102693883      0.0000000000     70.6280131539  -1315.6598050881     44.1114763008
    -0.0122656381     -0.0102089190      0.0000000000     68.3193086447  -1314.6424110232     46.3368679566
    -0.0119314956     -0.0101424115      0.0000000000     65.8980828247  -1313.5189398988     48.5197347862
    -0.0115974171     -0.0100698530      0.0000000000     63.3665860867  -1312.2920375991     50.6569625902
    -0.0112635541     -0.0099912351      0.0000000000     60.7272245117  -1310.9644585992     52.7455661430
    -0.0109300601     -0.0099065541      0.0000000000     57.9825532210  -1309.5390594486     54.7826917082
    -0.0105970903     -0.0098158110      0.0000000000     55.1352696073  -1308.0187922250     56.7656192392
    -0.0102648017     -0.0097190117      0.0000000000     52.1882064614  -1306.4066979559     58.6917642828
    -0.0099333524     -0.0096161669      0.0000000000     49.1443250091  -1304.7059000436     60.5586795800
    -0.0096029020     -0.0095072923      0.0000000000     46.0067078740  -1302.9195976777     62.3640563729
    -0.0092736109     -0.0093924089      0.0000000000     42.7785519811  -1301.0510592781     64.1057254202
    -0.0089456403     -0.0092715427      0.0000000000     39.4631614162  -1299.1036159706     65.7816577239
    -0.0086191518     -0.0091447249      0.0000000000     36.0639402546  -1297.0806550969     67.3899649753
    -0.0082943076     -0.0090119922      0.0000000000     32.5843853747  -1294.9856137944     68.9288997286
    -0.0079712697     -0.0088733863      0.0000000000     29.0280792694  -1292.8219726413     70.3968553019
    -0.0076502002     -0.0087289545      0.0000000000     25.3986828692  -1290.5932493846     71.7923654188
    -0.0073312608     -0.0085787493      0.0000000000     21.6999283902  -1288.3029927632     73.1141035971
    -0.0070146123     -0.0084228287      0.0000000000     17.9356122192  -1285.9547764300     74.3608822897
    -0.0067004152     -0.0082612559      0.0000000000     14.1095878494  -1283.5521930039     75.5316517906
    -0.0063888284     -0.0080940995      0.0000000000     10.2257588769  -1281.0988482243     76.6254989124
    -0.0060800098     -0.0079214335      0.0000000000      6.2880720709  -1278.5983552648     77.6416454442
    -0.0057741159     -0.0077433372      0.0000000000      2.3005105278  -1276.0543291682     78.5794464040
    -0.0054713010     -0.0075598949      0.0000000000     -1.7329130802  -1273.4703814511     79.4383880869
    -0.0051717179     -0.0073711963      0.0000000000     -5.8081631529  -1270.8501148514     80.2180859325
    -0.0048755168     -0.0071773362      0.0000000000     -9.9211876951  -1268.1971182531     80.9182822068
    -0.0045828458     -0.0069784143      0.0000000000    -14.0679247284  -1265.5149617752     81.5388435227
    -0.0042938500     -0.0067745353      0.0000000000    -18.2443085716  -1262.8071920450     82.0797582031
    -0.0040086720     -0.0065658089      0.0000000000    -22.4462759831  -1260.0773276475     82.5411334990
    -0.0037274510     -0.0063523492      0.0000000000    -26.6697721576  -1257.3288547654     82.9231926738
    -0.0034503231     -0.0061342752      0.0000000000    -30.9107565712  -1254.5652230089     83.2262719666
    -0.0031774210     -0.0059117104      0.0000000000    -35.1652086684  -1251.7898414394     83.4508174442
    -0.0029088735     -0.0056847824      0.0000000000    -39.4291333861  -1249.0060747861     83.5973817525
    -0.0026448056     -0.0054536232      0.0000000000    -43.6985665091  -1246.2172398658     83.6666207833
    -0.0023853384     -0.0052183689      0.0000000000    -47.9695798539  -1243.4266021996     83.6592902592
    -0.0021305887     -0.0049791593      0.0000000000    -52.2382862764  -1240.6373728246     83.5762422582
    -0.0018806689     -0.0047361383      0.0000000000    -56.5008445004  -1237.8527053139     83.4184216796
    -0.0016356869     -0.0044894529      0.0000000000    -60.7534637650  -1235.0756929856     83.1868626684
    -0.0013957458     -0.0042392538      0.0000000000    -64.9924082887  -1232.3093663181     82.8826850058
    -0.0011609440     -0.0039856949      0.0000000000    -69.2140015482  -1229.5566905568     82.5070904779
    -0.0009313750     -0.0037289329      0.0000000000    -73.4146303190  -1226.8205635128     82.0613571652
    -0.0008679461     -0.0036509003      0.0000000000    -77.5899577827  -1224.1040839615     81.5158586765
    -0.0008067248     -0.0035727658      0.0000000000    -81.7349277292  -1221.4105496558     80.8720377189
    -0.0007477408     -0.0034946380      0.0000000000    -85.8445598540  -1218.7431849541     80.1314253493
    -0.0006910199     -0.0034166268      0.0000000000    -89.9139541237  -1216.1051390323     79.2956353012
    -0.0006365829     -0.0033388432      0.0000000000    -93.9382949053  -1213.4994842701     78.3663604050
    -0.0005844461     -0.0032613994      0.0000000000    -97.9128549139  -1210.9292148056     77.3453690458
    -0.0005346213     -0.0031844078      0.0000000000   -101.8329989802  -1208.3972452560     76.2345016647
    -0.0004871153     -0.0031079815      0.0000000000   -105.6941876410  -1205.9064095941     75.0356673137
    -0.0004419304     -0.0030322338      0.0000000000   -109.4919805558  -1203.4594601771     73.7508402671
    -0.0003990639     -0.0029572779      0.0000000000   -113.2220397509  -1201.0590669187     72.3820566993
    -0.0003585083     -0.0028832267      0.0000000000   -116.8801326970  -1198.7078166042     70.9314114331
    -0.0003202513     -0.0028101926      0.0000000000   -120.4621352220  -1196.4082123304     69.4010547641
    -0.0002842758     -0.0027382873      0.0000000000   -123.9640342636  -1194.1626730749     67.7931893652
    -0.0002505599     -0.0026676217      0.0000000000   -127.3819304667  -1191.9735333781     66.1100672783
    -0.0002190771     -0.0025983051      0.0000000000   -130.7120406292  -1189.8430431362     64.3539869932
    -0.0001897957     -0.0025304456      0.0000000000   -133.9507000007  -1187.7733674945     62.5272906196
    -0.0001626800     -0.0024641497      0.0000000000   -137.0943644398  -1185.7665868339     60.6323611552
    -0.0001376890     -0.0023995219      0.0000000000   -140.1396124339  -1183.8246968422     58.6716198488
    -0.0001147778     -0.0023366646      0.0000000000   -143.0831469875  -1181.9496086644     56.6475236644
    -0.0000938966     -0.0022756779      0.0000000000   -145.9217973830  -1180.1431491205     54.5625628445
    -0.0000749914     -0.0022166594      0.0000000000   -148.6525208202  -1178.4070609865     52.4192585744
    -0.0000580041     -0.0021597037      0.0000000000   -151.2724039387  -1176.7430033278     50.2201607479
    -0.0000428723     -0.0021049029      0.0000000000   -153.7786642291  -1175.1525518794     47.9678458312
    -0.0000295297     -0.0020523456      0.0000000000   -156.1686513375  -1173.6371994641     45.6649148297
    -0.0000179061     -0.0020021171      0.0000000000   -158.4398482689  -1172.1983564421     43.3139913500
    -0.0000079277     -0.0019542993      0.0000000000   -160.5898724939  -1170.8373511832     40.9177197598
     0.0000004830     -0.0019089704      0.0000000000   -162.6164769640  -1169.5554305567     38.4787634410
     0.0000074067     -0.0018662047      0.0000000000   -164.5175510402  -1168.3537604301     35.9998031345
     0.0000129277     -0.0018260725      0.0000000000   -166.2911213387  -1167.2334261710     33.4835353718
     0.0000171328     -0.0017886398      0.0000000000   -167.9353524999  -1166.1954331467     30.9326709923
     0.0000201120     -0.0017539685      0.0000000000   -169.4485478822  -1165.2407072132     28.3499337400
     0.0000219579     -0.0017221159      0.0000000000   -170.8291501874  -1164.3700951906     25.7380589357
     0.0000227656     -0.0016931348      0.0000000000   -172.0757420197  -1163.5843653174     23.0997922218
     0.0000226322     -0.0016670734      0.0000000000   -173.1870463817  -1162.8842076804     20.4378883712
     0.0000216573     -0.0016439749      0.0000000000   -174.1619271122  -1162.2702346149     17.7551101585
     0.0000199418     -0.0016238779      0.0000000000   -174.9993892673  -1161.7429810705     15.0542272860
     0.0000175886     -0.0016068157      0.0000000000   -175.6985794474  -1161.3029049400     12.3380153574
     0.0000147019     -0.0015928169      0.0000000000   -176.2587860738  -1160.9503873476      9.6092548970
     0.0000113869     -0.0015819049      0.0000000000   -176.6794396158  -1160.6857328930      6.8707304035
     0.0000077499     -0.0015740978      0.0000000000   -176.9601127699  -1160.5091698500      4.1252294357
     0.0000038979     -0.0015694088      0.0000000000   -177.1005205935  -1160.4208503167      1.3755417205
    -0.0000000618     -0.0015678457      0.0000000000   -177.1005205935  -1160.4208503167     -1.3755417205
    -0.0000040214     -0.0015694110      0.0000000000   -176.9601127699  -1160.5091698500     -4.1252294356
    -0.0000078734     -0.0015741022      0.0000000000   -176.6794396158  -1160.6857328930     -6.8707304035
    -0.0000115103     -0.0015819114      0.0000000000   -176.2587860738  -1160.9503873476     -9.6092548970
    -0.0000148252     -0.0015928256      0.0000000000   -175.6985794474  -1161.3029049400    -12.3380153574
    -0.0000177117     -0.0016068265      0.0000000000   -174.9993892673  -1161.7429810704    -15.0542272859
    -0.0000200647     -0.0016238908      0.0000000000   -174.1619271122  -1162.2702346149    -17.7551101585
    -0.0000217799     -0.0016439900      0.0000000000   -173.1870463817  -1162.8842076804    -20.4378883711
    -0.0000227546     -0.0016670906      0.0000000000   -172.0757420197  -1163.5843653174    -23.0997922217
    -0.0000228876     -0.0016931542      0.0000000000   -170.8291501874  -1164.3700951906    -25.7380589357
    -0.0000220796     -0.0017221374      0.0000000000   -169.4485478822  -1165.2407072133    -28.3499337400
    -0.0000202333     -0.0017539921      0.0000000000   -167.9353524999  -1166.1954331467    -30.9326709923
    -0.0000172536     -0.0017886655      0.0000000000   -166.2911213387  -1167.2334261710    -33.4835353718
    -0.0000130481     -0.0018261003      0.0000000000   -164.5175510402  -1168.3537604301    -35.9998031345
    -0.0000075266     -0.0018662346      0.0000000000   -162.6164769640  -1169.5554305567    -38.4787634411
    -0.0000006023     -0.0019090024      0.0000000000   -160.5898724939  -1170.8373511832    -40.9177197597
     0.0000078089     -0.0019543334      0.0000000000   -158.4398482689  -1172.1983564421    -43.3139913499
     0.0000177880     -0.0020021532      0.0000000000   -156.1686513375  -1173.6371994641    -45.6649148297
     0.0000294122     -0.0020523838      0.0000000000   -153.7786642291  -1175.1525518793    -47.9678458312
     0.0000427554     -0.0021049431      0.0000000000   -151.2724039387  -1176.7430033278    -50.2201607479
     0.0000578880     -0.0021597460      0.0000000000   -148.6525208202  -1178.4070609865    -52.4192585745
     0.0000748760     -0.0022167036      0.0000000000   -145.9217973830  -1180.1431491205    -54.5625628444
     0.0000937820     -0.0022757242      0.0000000000   -143.0831469875  -1181.9496086643    -56.6475236644
     0.0001146640     -0.0023367129      0.0000000000   -140.1396124339  -1183.8246968422    -58.6716198488
     0.0001375761     -0.0023995722      0.0000000000   -137.0943644398  -1185.7665868337    -60.6323611552
     0.0001625680     -0.0024642019      0.0000000000   -133.9507000007  -1187.7733674946    -62.5272906196
     0.0001896847     -0.0025304998      0.0000000000   -130.7120406292  -1189.8430431362    -64.3539869931
     0.0002189669     -0.0025983612      0.0000000000   -127.3819304667  -1191.9735333781    -66.1100672783
     0.0002504508     -0.0026676797      0.0000000000   -123.9640342636  -1194.1626730749    -67.7931893652
     0.0002841677     -0.0027383473      0.0000000000   -120.4621352220  -1196.4082123305    -69.4010547641
     0.0003201442     -0.0028102544      0.0000000000   -116.8801326970  -1198.7078166042    -70.9314114332
     0.0003584023     -0.0028832903      0.0000000000   -113.2220397509  -1201.0590669188    -72.3820566993
     0.0003989591     -0.0029573434      0.0000000000   -109.4919805558  -1203.4594601771    -73.7508402670
     0.0004418268     -0.0030323011      0.0000000000   -105.6941876411  -1205.9064095942    -75.0356673136
     0.0004870129     -0.0031080506      0.0000000000   -101.8329989802  -1208.3972452559    -76.2345016647
     0.0005345201     -0.0031844787      0.0000000000    -97.9128549140  -1210.9292148057    -77.3453690458
     0.0005843461     -0.0032614720      0.0000000000    -93.9382949053  -1213.4994842700    -78.3663604050
     0.0006364842     -0.0033389176      0.0000000000    -89.9139541237  -1216.1051390323    -79.2956353011
     0.0006909225     -0.0034167028      0.0000000000    -85.8445598540  -1218.7431849541    -80.1314253492
     0.0007476448     -0.0034947157      0.0000000000    -81.7349277292  -1221.4105496556    -80.8720377188
     0.0008066301     -0.0035728453      0.0000000000    -77.5899577827  -1224.1040839612    -81.5158586765
     0.0008678529     -0.0036509814      0.0000000000    -73.4146303190  -1226.8205635126    -82.0613571653
     0.0009312832     -0.0037290156      0.0000000000    -69.2140015482  -1229.5566905568    -82.5070904778
     0.0011608537     -0.0039857792      0.0000000000    -64.9924082887  -1232.3093663184    -82.8826850059
     0.0013956569     -0.0042393397      0.0000000000    -60.7534637650  -1235.0756929853    -83.1868626684
     0.0016355995     -0.0044895403      0.0000000000    -56.5008445004  -1237.8527053136    -83.4184216796
     0.0018805831     -0.0047362272      0.0000000000    -52.2382862764  -1240.6373728251    -83.5762422581
     0.0021305044     -0.0049792497      0.0000000000    -47.9695798539  -1243.4266021998    -83.6592902593
     0.0023852557     -0.0052184607      0.0000000000    -43.6985665091  -1246.2172398658    -83.6666207832
     0.0026447245     -0.0054537165      0.0000000000    -39.4291333861  -1249.0060747857    -83.5973817525
     0.0029087940     -0.0056848770      0.0000000000    -35.1652086684  -1251.7898414394    -83.4508174442
     0.0031773432     -0.0059118064      0.0000000000    -30.9107565712  -1254.5652230093    -83.2262719666
     0.0034502471     -0.0061343726      0.0000000000    -26.6697721576  -1257.3288547654    -82.9231926737
     0.0037273766     -0.0063524479      0.0000000000    -22.4462759831  -1260.0773276475    -82.5411334989
     0.0040085993     -0.0065659089      0.0000000000    -18.2443085716  -1262.8071920452    -82.0797582032
     0.0042937791     -0.0067746366      0.0000000000    -14.0679247284  -1265.5149617754    -81.5388435227
     0.0045827767     -0.0069785167      0.0000000000     -9.9211876951  -1268.1971182529    -80.9182822065
     0.0048754495     -0.0071774398      0.0000000000     -5.8081631529  -1270.8501148521    -80.2180859328
     0.0051716524     -0.0073713011      0.0000000000     -1.7329130802  -1273.4703814517    -79.4383880873
     0.0054712374     -0.0075600008      0.0000000000      2.3005105278  -1276.0543291682    -78.5794464037
     0.0057740541     -0.0077434442      0.0000000000      6.2880720708  -1278.5983552644    -77.6416454443
     0.0060799499     -0.0079215416      0.0000000000     10.2257588769  -1281.0988482243    -76.6254989124
     0.0063887703     -0.0080942086      0.0000000000     14.1095878494  -1283.5521930035    -75.5316517906
     0.0067003590     -0.0082613660      0.0000000000     17.9356122192  -1285.9547764313    -74.3608822898
     0.0070145582     -0.0084229398      0.0000000000     21.6999283902  -1288.3029927628    -73.1141035973
     0.0073312085     -0.0085788613      0.0000000000     25.3986828692  -1290.5932493850    -71.7923654193
     0.0076501500     -0.0087290674      0.0000000000     29.0280792693  -1292.8219726409    -70.3968553020
     0.0079712214     -0.0088735001      0.0000000000     32.5843853746  -1294.9856137944    -68.9288997288
     0.0082942613     -0.0090121068      0.0000000000     36.0639402546  -1297.0806550969    -67.3899649755
     0.0086191075     -0.0091448403      0.0000000000     39.4631614162  -1299.1036159702    -65.7816577238
     0.0089455980     -0.0092716588      0.0000000000     42.7785519811  -1301.0510592793    -64.1057254202
     0.0092735707     -0.0093925257      0.0000000000     46.0067078740  -1302.9195976777    -62.3640563731
     0.0096028639     -0.0095074098      0.0000000000     49.1443250091  -1304.7059000432    -60.5586795799
     0.0099333163     -0.0096162850      0.0000000000     52.1882064614  -1306.4066979559    -58.6917642827
     0.0102647676     -0.0097191305      0.0000000000     55.1352696073  -1308.0187922254    -56.7656192394
     0.0105970583     -0.0098159304      0.0000000000     57.9825532209  -1309.5390594495    -54.7826917080
     0.0109300302     -0.0099066740      0.0000000000     60.7272245117  -1310.9644585992    -52.7455661431
     0.0112635263     -0.0099913555      0.0000000000     63.3665860867  -1312.2920375995    -50.6569625901
     0.0115973914     -0.0100699739      0.0000000000     65.8980828247  -1313.5189398984    -48.5197347868
     0.0119314720     -0.0101425328      0.0000000000     68.3193086447  -1314.6424110232    -46.3368679564
     0.0122656166     -0.0102090407      0.0000000000     70.6280131539  -1315.6598050881    -44.1114763010
     0.0125996757     -0.0102695104      0.0000000000     72.8221081610  -1316.5685912456    -41.8468001854
     0.0129335024     -0.0103239589      0.0000000000     74.8996740364  -1317.3663600877    -39.5462030165
     0.0132669520     -0.0103724078      0.0000000000     76.8589659064  -1318.0508299307    -37.2131678116
     0.0135998825     -0.0104148825      0.0000000000     78.6984196640  -1318.6198530343    -34.8512934685
     0.0139321548     -0.0104514124      0.0000000000     80.4166577814  -1319.0714216783    -32.4642907201
     0.0142636327     -0.0104820306      0.0000000000     82.0124949085  -1319.4036741282    -30.0559777970
     0.0145941829     -0.0105067739      0.0000000000     83.4849432419  -1319.6149004385    -27.6302757820
     0.0149236754     -0.0105256824      0.0000000000     84.8332176499  -1319.7035481097    -25.1912036757
     0.0152519834     -0.0105387995      0.0000000000     86.0567405377  -1319.6682275514    -22.7428731677
     0.0155789834     -0.0105461717      0.0000000000     87.1551450741  -1319.5138401875    -20.2894296858
     0.0159045554     -0.0105478486      0.0000000000     88.1282631310  -1319.2515723277    -17.8345124064
     0.0162285830     -0.0105438821      0.0000000000     88.9760993091  -1318.8866245796    -15.3812491608
     0.0165509532     -0.0105343272      0.0000000000     89.6988183570  -1318.4182053391    -12.9327862560
     0.0168715568     -0.0105192408      0.0000000000     90.2967473598  -1317.8456581114    -10.4923372607
     0.0171902882     -0.0104986822      0.0000000000     90.7703790483  -1317.1684658263     -8.0631781116
     0.0175070453     -0.0104727126      0.0000000000     91.1203748511  -1316.3862549320     -5.6486419739
     0.0178217300     -0.0104413952      0.0000000000     91.3475676792  -1315.4987992932     -3.2521138571
     0.0181342479     -0.0104047944      0.0000000000     91.4529644291  -1314.5060238276     -0.8770250112
     0.0184445081     -0.0103629764      0.0000000000     91.4377481953  -1313.4080079138      1.4731529049
     0.0187524237     -0.0103160085      0.0000000000     91.3032801785  -1312.2049885377      3.7949138531
     0.0190579113     -0.0102639591      0.0000000000     91.0511012816  -1310.8973631616      6.0847236600
     0.0193608914     -0.0102068974      0.0000000000     90.6829333827  -1309.4856923137      8.3390264276
     0.0196612880     -0.0101448935      0.0000000000     90.2006802750  -1307.9707018962     10.5542511335
     0.0199590286     -0.0100780179      0.0000000000     89.6064282673  -1306.3532851725     12.7268183821
     0.0202540445     -0.0100063416      0.0000000000     88.9024464344  -1304.6345044627     14.8531473139
     0.0205462703     -0.0099299357      0.0000000000     88.0911865130  -1302.8155925029     16.9296626392
     0.0208356440     -0.0098488716      0.0000000000     87.1752822588  -1300.8979534850     18.9528086587
     0.0203527086     -0.0100058108      0.0000000000     86.1549200059  -1298.8822649328     21.0220239583
     0.0198711570     -0.0101716253      0.0000000000     85.0278390565  -1296.7684786151     23.1337375542
     0.0193911694     -0.0103463080      0.0000000000     83.7919618983  -1294.5567204628     25.2843437615
     0.0189129274     -0.0105298475      0.0000000000     82.4453956084  -1292.2472913286     27.4702165837
     0.0184366145     -0.0107222275      0.0000000000     80.9864326971  -1289.8406673765     29.6877172855
     0.0179624158     -0.0109234272      0.0000000000     79.4135515634  -1287.3375001044     31.9332020148
     0.0174905179     -0.0111334206      0.0000000000     77.7254165615  -1284.7386160171     34.2030294482
     0.0170211087     -0.0113521767      0.0000000000     75.9208776759  -1282.0450159236     36.4935684470
     0.0165543774     -0.0115796595      0.0000000000     73.9989698066  -1279.2578738650     38.8012057005
     0.0160905143     -0.0118158274      0.0000000000     71.9589116640  -1276.3785356664     41.1223533519
     0.0156297104     -0.0120606335      0.0000000000     69.8001042768  -1273.4085171411     43.4534565698
     0.0151721577     -0.0123140256      0.0000000000     67.5221291135  -1270.3495019044     45.7910010717
     0.0147180488     -0.0125759455      0.0000000000     65.1247458226  -1267.2033388340     48.1315205585
     0.0142675766     -0.0128463295      0.0000000000     62.6078895959  -1263.9720391758     50.4716040624
     0.0138209341     -0.0131251080      0.0000000000     59.9716681587  -1260.6577732612     52.8079031800
     0.0133783145     -0.0134122056      0.0000000000     57.2162634330  -1257.2628344485     55.1408595119
     0.0129399109     -0.0137075408      0.0000000000     54.3420406551  -1253.7896737216     57.4628497328
     0.0125059159     -0.0140110263      0.0000000000     51.3496393243  -1250.2409278888     59.7707523295
     0.0120765214     -0.0143225685      0.0000000000     48.2398972234  -1246.6193904759     62.0599206603
     0.0116519188     -0.0146420677      0.0000000000     45.0137863943  -1242.9279865013     64.3297414664
     0.0112322982     -0.0149694180      0.0000000000     41.6735555184  -1239.1701594950     66.5308129925
     0.0108178489     -0.0153045072      0.0000000000     38.2243943743  -1235.3504368313     68.5973133233
     0.0104087591     -0.0156472164      0.0000000000     34.6732394933  -1231.4740174408     70.5266316868
     0.0100052153     -0.0159974204      0.0000000000     31.0271557231  -1227.5462143517     72.3163517748
     0.0096074015     -0.0163549881      0.0000000000     27.2933261621  -1223.5724469449     73.9642571909
     0.0092154995     -0.0167197823      0.0000000000     23.4790418221  -1219.5582329305     75.4683365825
     0.0088296884     -0.0170916599      0.0000000000     19.5916910391  -1215.5091800907     76.8267884343
     0.0084501440     -0.0174704721      0.0000000000     15.6387486472  -1211.4309777763     78.0380255170
     0.0080770389     -0.0178560644      0.0000000000     11.6277649346  -1207.3293881809     79.1006789760
     0.0077105421     -0.0182482766      0.0000000000      7.5663544011  -1203.2102374266     80.0136020552
     0.0073508188     -0.0186469437      0.0000000000      3.4621843342  -1199.0794064351     80.7758734301
     0.0069980299     -0.0190518949      0.0000000000     -0.6770367742  -1194.9428216609     81.3868001661
     0.0066523319     -0.0194629550      0.0000000000     -4.8435709524  -1190.8064456328     81.8459202615
     0.0063138768     -0.0198799437      0.0000000000     -9.0296625931  -1186.6762674070     82.1530048002
     0.0059828118     -0.0203026763      0.0000000000    -13.2275503961  -1182.5582928485     82.3080596790
     0.0056592788     -0.0207309639      0.0000000000    -17.4294793897  -1178.4585348706     82.3113269217
     0.0053434145     -0.0211646133      0.0000000000    -21.6277130071  -1174.3830035437     82.1632855628
     0.0050353502     -0.0216034279      0.0000000000    -25.8145451980  -1170.3376961890     81.8646521084
     0.0047352115     -0.0220472070      0.0000000000    -29.9823125518  -1166.3285873979     81.4163805589
     0.0044431181     -0.0224957472      0.0000000000    -34.1234064113  -1162.3616190478     80.8196619941
     0.0041591839     -0.0229488417      0.0000000000    -38.2302849543  -1158.4426903232     80.0759237266
     0.0038835165     -0.0234062812      0.0000000000    -42.2954852199  -1154.5776477336     79.1868280144
     0.0036162174     -0.0238678538      0.0000000000    -46.3116350592  -1150.7722752028     78.1542703342
     0.0033573818     -0.0243333457      0.0000000000    -50.2714649852  -1147.0322841879     76.9803772169
     0.0031070983     -0.0248025412      0.0000000000    -54.1678199024  -1143.3633038937     75.6675036550
     0.0028654491     -0.0252752230      0.0000000000    -57.9936706923  -1139.7708715950     74.2182300688
     0.0026325100     -0.0257511727      0.0000000000    -61.7421256334  -1136.2604230556     72.6353588532
     0.0024083499     -0.0262301708      0.0000000000    -65.4064416340  -1132.8372831117     70.9219104972
     0.0021930313     -0.0267119975      0.0000000000    -68.9800352563  -1129.5066563965     69.0811192896
     0.0019866101     -0.0271964326      0.0000000000    -72.4564935107  -1126.2736182528     67.1164286120
     0.0017891353     -0.0276832557      0.0000000000    -75.8295843999  -1123.1431058390     65.0314858289
     0.0016006496     -0.0281722470      0.0000000000    -79.0932671920  -1120.1199094544     62.8301367946
     0.0014211890     -0.0286631873      0.0000000000    -82.2417024024  -1117.2086640899     60.5164199610
     0.0012507830     -0.0291558583      0.0000000000    -85.2692614672  -1114.4138412420     58.0945601171
     0.0010894548     -0.0296500427      0.0000000000    -88.1705360864  -1111.7397409899     55.5689617803
     0.0009372210     -0.0301455250      0.0000000000    -90.9403472210  -1109.1904843530     52.9442022135
     0.0007940922     -0.0306420914      0.0000000000    -93.5737537252  -1106.7700059565     50.2250241223
     0.0006600727     -0.0311395300      0.0000000000    -96.0660605977  -1104.4820470189     47.4163280274
     0.0005351610     -0.0316376315      0.0000000000    -98.4128268353  -1102.3301486563     44.5231643148
     0.0004193494     -0.0321361890      0.0000000000   -100.6098728735  -1100.3176455460     41.5507250066
     0.0003126249     -0.0326349984      0.0000000000   -102.6532875995  -1098.4476599425     38.5043352480
     0.0002149686     -0.0331338588      0.0000000000   -104.5394349244  -1096.7230960715     35.3894445253
     0.0001263565     -0.0336325724      0.0000000000   -106.2649599007  -1095.1466349013     32.2116176517
     0.0000467593     -0.0341309450      0.0000000000   -107.8267943732  -1093.7207293159     28.9765255153
    -0.0000238571     -0.0346287862      0.0000000000   -109.2221620476  -1092.4475996891     25.6899314831
    -0.0000220672     -0.0346438466      0.0000000000   -110.4485827537  -1091.3292300908     22.3576734771
    -0.0000198019     -0.0346569721      0.0000000000   -111.5038766350  -1090.3673647051     18.9856789918
    -0.0000171259     -0.0346681316      0.0000000000   -112.3861682555  -1089.5635044535     15.5799468387
    -0.0000141052     -0.0346772984      0.0000000000   -113.0938898765  -1088.9189042835     12.1465329054
    -0.0000108074     -0.0346844507      0.0000000000   -113.6257841098  -1088.4345708931      8.6915399314
    -0.0000073007     -0.0346895715      0.0000000000   -113.9809060462  -1088.1112609064      5.2211071958
    -0.0000036544     -0.0346926484      0.0000000000   -114.1586248557  -1087.9494795035      1.7414001293
