    -0.0000000294     -0.0255570803      0.0000000000   -103.5243832248  -1000.5318606943     -1.5054622802
     0.0000033883     -0.0255561499      0.0000000000   -103.3707395959  -1000.6669281145     -4.5138493241
     0.0000067426     -0.0255533600      0.0000000000   -103.0637113116  -1000.9368576019     -7.5146280528
     0.0000099703     -0.0255487170      0.0000000000   -102.6038158863  -1001.3412388219    -10.5027403793
     0.0000130085     -0.0255422317      0.0000000000   -101.9918285113  -1001.8794571984    -13.4731493707
     0.0000157952     -0.0255339191      0.0000000000   -101.2287807597  -1002.5506950222    -16.4208476481
     0.0000182692     -0.0255237984      0.0000000000   -100.3159588654  -1003.3539329275    -19.3408657351
     0.0000203704     -0.0255118931      0.0000000000    -99.2549015765  -1004.2879517277    -22.2282803207
     0.0000220399     -0.0254982306      0.0000000000    -98.0473975171  -1005.3513346128    -25.0782253030
    -0.0000264477     -0.0251505041      0.0000000000    -96.6954819153  -1006.5424698502    -27.8859055642
    -0.0000812723     -0.0248020046      0.0000000000    -95.2014332139  -1007.8595536824    -30.6465877617
    -0.0001424706     -0.0244528724      0.0000000000    -93.5677695723  -1009.3005934202    -33.3556138476
    -0.0002100754     -0.0241032508      0.0000000000    -91.7972447539  -1010.8634110189    -36.0084115810
    -0.0002841155     -0.0237532865      0.0000000000    -89.8928435552  -1012.5456469819    -38.6005020014
    -0.0003646154     -0.0234031293      0.0000000000    -87.8577768572  -1014.3447645868    -41.1275067363
    -0.0004515954     -0.0230529316      0.0000000000    -85.6954763093  -1016.2580544194    -43.5851550884
    -0.0005450712     -0.0227028485      0.0000000000    -83.4095886566  -1018.2826392076    -45.9692909282
    -0.0006450536     -0.0223530378      0.0000000000    -81.0039697213  -1020.4154789503    -48.2758793531
    -0.0007515489     -0.0220036591      0.0000000000    -78.4826780503  -1022.6533763181    -50.5010131068
    -0.0008645584     -0.0216548743      0.0000000000    -75.8499682408  -1024.9929823308    -52.6409187530
    -0.0009840783     -0.0213068471      0.0000000000    -73.1102839582  -1027.4308022852    -54.6919625882
    -0.0011100997     -0.0209597426      0.0000000000    -70.2682506590  -1029.9632019251    -56.6506562729
    -0.0012426086     -0.0206137273      0.0000000000    -67.3286680328  -1032.5864138515    -58.5136621894
    -0.0013815855     -0.0202689687      0.0000000000    -64.2965021794  -1035.2965441364    -60.2777984993
    -0.0015270058     -0.0199256352      0.0000000000    -61.1768775340  -1038.0895791453    -61.9400439078
    -0.0016788395     -0.0195838957      0.0000000000    -57.9750685586  -1040.9613925548    -63.4975421037
    -0.0018370510     -0.0192439194      0.0000000000    -54.6964912135  -1043.9077525324    -64.9476058946
    -0.0020015996     -0.0189058757      0.0000000000    -51.3466942273  -1046.9243290839    -66.2877210106
    -0.0021724389     -0.0185699335      0.0000000000    -47.9313501799  -1050.0067015385    -67.5155495760
    -0.0023495171     -0.0182362615      0.0000000000    -44.4562464178  -1053.1503661706    -68.6289332461
    -0.0025327772     -0.0179050277      0.0000000000    -40.9272758177  -1056.3507439207    -69.6258960018
    -0.0027221568     -0.0175763988      0.0000000000    -37.3504274160  -1059.6031882272    -70.5046465989
    -0.0029175880     -0.0172505405      0.0000000000    -33.7317769228  -1062.9029929234    -71.2635806662
    -0.0031189978     -0.0169276171      0.0000000000    -30.0774771369  -1066.2454002122    -71.9012824555
    -0.0033263082     -0.0166077909      0.0000000000    -26.3937482811  -1069.6256086849    -72.4165262361
    -0.0035394360     -0.0162912223      0.0000000000    -22.6868682756  -1073.0387813592    -72.8082773359
    -0.0037582928     -0.0159780696      0.0000000000    -18.9631629660  -1076.4800537513    -73.0756928300
    -0.0039827858     -0.0156684883      0.0000000000    -15.2289963269  -1079.9445419339    -73.2181218738
    -0.0042128171     -0.0153626317      0.0000000000    -11.4907606562  -1083.4273505843    -73.2351056828
    -0.0044482846     -0.0150606496      0.0000000000     -7.7548667798  -1086.9235809886    -73.1263771685
    -0.0046890813     -0.0147626890      0.0000000000     -4.0277342838  -1090.4283390162    -72.8918602199
    -0.0049350964     -0.0144688936      0.0000000000     -0.3157817919  -1093.9367430032    -72.5316686471
    -0.0051862148     -0.0141794033      0.0000000000      3.3745826940  -1097.4439315773    -72.0461047827
    -0.0054423175     -0.0138943544      0.0000000000      7.0369713743  -1100.9450713866    -71.4356577533
    -0.0057032819     -0.0136138792      0.0000000000     10.6650261348  -1104.4353646935    -70.7010014184
    -0.0059689816     -0.0133381061      0.0000000000     14.2524279165  -1107.9100568758    -69.8429919905
    -0.0062392874     -0.0130671590      0.0000000000     17.7929059559  -1111.3644437713    -68.8626653428
    -0.0065140665     -0.0128011575      0.0000000000     21.2802468807  -1114.7938788691    -67.7612340065
    -0.0067931837     -0.0125402166      0.0000000000     24.7083036431  -1118.1937803415    -66.5400838712
    -0.0070765009     -0.0122844469      0.0000000000     28.0710042793  -1121.5596378913    -65.2007706009
    -0.0073638777     -0.0120339538      0.0000000000     31.3623604768  -1124.8870194146    -63.7450157625
    -0.0076551716     -0.0117888383      0.0000000000     34.5764759390  -1128.1715774505    -62.1747026937
    -0.0079502382     -0.0115491960      0.0000000000     37.7075545309  -1131.4090554261    -60.4918721060
    -0.0082489314     -0.0113151178      0.0000000000     40.7499081950  -1134.5952936653    -58.6987174446
    -0.0085511039     -0.0110866893      0.0000000000     43.6992722008  -1137.7266822288    -56.8488070926
    -0.0088566074     -0.0108639908      0.0000000000     46.5534756954  -1140.8003931640    -54.9706047150
    -0.0091652932     -0.0106470975      0.0000000000     49.3111809675  -1143.8139522980    -53.0682867099
    -0.0094770116     -0.0104360791      0.0000000000     51.9712209722  -1146.7650154178    -51.1443629051
    -0.0097916128     -0.0102310005      0.0000000000     54.5325586399  -1149.6513568438    -49.2014155140
    -0.0101089465     -0.0100319216      0.0000000000     56.9943910230  -1152.4709073606    -47.2460345575
    -0.0104288621     -0.0098388973      0.0000000000     59.3560631996  -1155.2217269159    -45.2774292277
    -0.0107512094     -0.0096519774      0.0000000000     61.6169706350  -1157.9019731933    -43.2983643525
    -0.0110758383     -0.0094712071      0.0000000000     63.7766512012  -1160.5099348458    -41.3116541920
    -0.0114025991     -0.0092966266      0.0000000000     65.8347875494  -1163.0440338877    -39.3201565051
    -0.0117313426     -0.0091282715      0.0000000000     67.7912091767  -1165.5028277913    -37.3267665428
    -0.0120619205     -0.0089661727      0.0000000000     69.6458941859  -1167.8850113001    -35.3344109797
    -0.0123941852     -0.0088103565      0.0000000000     71.3989707328  -1170.1894179226    -33.3460417984
    -0.0127279905     -0.0086608449      0.0000000000     73.0507181621  -1172.4150211575    -31.3646301416
    -0.0130631909     -0.0085176554      0.0000000000     74.6015678272  -1174.5609353881    -29.3931601443
    -0.0133996425     -0.0083808013      0.0000000000     76.0521035968  -1176.6264165099    -27.4346227607
    -0.0137372028     -0.0082502916      0.0000000000     77.4030620450  -1178.6108622331    -25.4920096031
    -0.0140757308     -0.0081261316      0.0000000000     78.6553323284  -1180.5138121134    -23.5683067980
    -0.0144150873     -0.0080083223      0.0000000000     79.8099557505  -1182.3349472744    -21.6664888845
    -0.0147551347     -0.0078968611      0.0000000000     80.8681248938  -1184.0740898503    -19.7895080039
    -0.0145602481     -0.0079503609      0.0000000000     81.8293628342  -1185.7305799002    -17.8690055884
    -0.0143630956     -0.0080008230      0.0000000000     82.6915228898  -1187.3032746636    -15.9079239429
    -0.0141637090     -0.0080481890      0.0000000000     83.4526089086  -1188.7911701453    -13.9092180788
    -0.0139621229     -0.0080923996      0.0000000000     84.1107756489  -1190.1934002031    -11.8758452159
    -0.0137583748     -0.0081333954      0.0000000000     84.6643287476  -1191.5092353676     -9.8107591268
    -0.0135525058     -0.0081711168      0.0000000000     85.1117244033  -1192.7380814024     -7.7169046018
    -0.0133445598     -0.0082055039      0.0000000000     85.4515687793  -1193.8794776111     -5.5972120311
    -0.0131345840     -0.0082364973      0.0000000000     85.6826171333  -1194.9330949170     -3.4545921227
    -0.0129226290     -0.0082640374      0.0000000000     85.8037726823  -1195.8987336875     -1.2919307683
    -0.0127087488     -0.0082880653      0.0000000000     85.8140852077  -1196.7763213441      0.8879159417
    -0.0124930004     -0.0083085226      0.0000000000     85.7127494115  -1197.5659097590      3.0821265386
    -0.0122754446     -0.0083253515      0.0000000000     85.4991030301  -1198.2676724365      5.2879188200
    -0.0120561453     -0.0083384953      0.0000000000     85.1726247152  -1198.8819015007      7.5025543206
    -0.0118351699     -0.0083478982      0.0000000000     84.7329316927  -1199.4090044999      9.7233425858
    -0.0116125890     -0.0083535058      0.0000000000     84.1797772069  -1199.8495010299     11.9476452601
    -0.0113884768     -0.0083552648      0.0000000000     83.5130477619  -1200.2040191905     14.1728799654
    -0.0111629107     -0.0083531237      0.0000000000     82.7327615339  -1200.4671690860     16.3964705433
    -0.0109359714     -0.0083470329      0.0000000000     81.8390816013  -1200.6275501736     18.6153163144
    -0.0107077429     -0.0083369442      0.0000000000     80.8323426136  -1200.6800227486     20.8257962988
    -0.0104783122     -0.0083228122      0.0000000000     79.7130635904  -1200.6257149744     23.0243083819
    -0.0102477699     -0.0083045931      0.0000000000     78.4819454738  -1200.4658957394     25.2073274924
    -0.0100162091     -0.0082822459      0.0000000000     77.1398670800  -1200.2019701558     27.3714101060
    -0.0097837263     -0.0082557320      0.0000000000     75.6878808274  -1199.8354749104     29.5131985142
    -0.0095504208     -0.0082250155      0.0000000000     74.1272082532  -1199.3680734692     31.6294248479
    -0.0093163945     -0.0081900634      0.0000000000     72.4592353304  -1198.8015511623     33.7169148550
    -0.0090817522     -0.0081508457      0.0000000000     70.6855075986  -1198.1378101476     35.7725914300
    -0.0088466013     -0.0081073356      0.0000000000     68.8077251210  -1197.3788642715     37.7934778912
    -0.0086110514     -0.0080595095      0.0000000000     66.8277372807  -1196.5268338517     39.7767010060
    -0.0083752146     -0.0080073473      0.0000000000     64.7475374286  -1195.5839403662     41.7194937620
    -0.0081392051     -0.0079508323      0.0000000000     62.5692573966  -1194.5525010895     43.6191978848
    -0.0079031391     -0.0078899516      0.0000000000     60.2951618890  -1193.4349236752     45.4732661021
    -0.0076671348     -0.0078246961      0.0000000000     57.9276427640  -1192.2337006983     47.2792641562
    -0.0074313118     -0.0077550605      0.0000000000     55.4692132196  -1190.9514041681     49.0348725662
    -0.0071957916     -0.0076810434      0.0000000000     52.9225018958  -1189.5906800286     50.7378881400
    -0.0069606967     -0.0076026476      0.0000000000     50.2902469050  -1188.1542426585     52.3862252411
    -0.0067261510     -0.0075198799      0.0000000000     47.5752898054  -1186.6448693719     53.9779168125
    -0.0064922794     -0.0074327514      0.0000000000     44.7805695271  -1185.0653949409     55.5111151647
    -0.0062592075     -0.0073412775      0.0000000000     41.9091162639  -1183.4187061571     56.9840925237
    -0.0060270615     -0.0072454779      0.0000000000     38.9640453443  -1181.7077364185     58.3952413544
    -0.0057959681     -0.0071453765      0.0000000000     35.9485510899  -1179.9354603841     59.7430744548
    -0.0055660544     -0.0070410018      0.0000000000     32.8659006761  -1178.1048886749     61.0262248372
    -0.0053374471     -0.0069323866      0.0000000000     29.7194280032  -1176.2190626579     62.2434453889
    -0.0051102731     -0.0068195683      0.0000000000     26.5125275912  -1174.2810493020     63.3936083352
    -0.0048846589     -0.0067025885      0.0000000000     23.2486485059  -1172.2939361255     64.4757044940
    -0.0046607301     -0.0065814935      0.0000000000     19.9312883286  -1170.2608262418     65.4888423478
    -0.0044386120     -0.0064563339      0.0000000000     16.5639871783  -1168.1848335083     66.4322469210
    -0.0042184286     -0.0063271646      0.0000000000     13.1503217946  -1166.0690777842     67.3052584892
    -0.0040003028     -0.0061940450      0.0000000000      9.6938996921  -1163.9166803146     68.1073311134
    -0.0037843563     -0.0060570389      0.0000000000      6.1983533925  -1161.7307592314     68.8380310175
    -0.0035707089     -0.0059162142      0.0000000000      2.6673347443  -1159.5144251945     69.4970348113
    -0.0033594789     -0.0057716433      0.0000000000     -0.8954906634  -1157.2707771593     70.0841275728
    -0.0031507826     -0.0056234023      0.0000000000     -4.4864489861  -1155.0028982946     70.5992007943
    -0.0029447342     -0.0054715719      0.0000000000     -8.1018635003  -1152.7138520409     71.0422502034
    -0.0027414454     -0.0053162363      0.0000000000    -11.7380598668  -1150.4066783192     71.4133734689
    -0.0025410257     -0.0051574840      0.0000000000    -15.3913712729  -1148.0843898950     71.7127677981
    -0.0023435816     -0.0049954070      0.0000000000    -19.0581434504  -1145.7499688933     71.9407274385
    -0.0021492170     -0.0048301013      0.0000000000    -22.7347395634  -1143.4063634741     72.0976410868
    -0.0019580327     -0.0046616660      0.0000000000    -26.4175449617  -1141.0564846715     72.1839892229
    -0.0017701263     -0.0044902040      0.0000000000    -30.1029717968  -1138.7032033830     72.2003413717
    -0.0015855921     -0.0043158215      0.0000000000    -33.7874634957  -1136.3493475315     72.1473533025
    -0.0014045210     -0.0041386277      0.0000000000    -37.4674990914  -1133.9976993812     72.0257641775
    -0.0012270003     -0.0039587349      0.0000000000    -41.1395974061  -1131.6509930194     71.8363936576
    -0.0010531134     -0.0037762583      0.0000000000    -44.8003210855  -1129.3119119966     71.5801389711
    -0.0008829401     -0.0035913158      0.0000000000    -48.4462804837  -1126.9830871271     71.2579719583
    -0.0007165559     -0.0034040278      0.0000000000    -52.0741373589  -1124.6670944474     70.8709346435
    -0.0006672734     -0.0033425127      0.0000000000    -55.6800516117  -1122.3666437359     70.3983236738
    -0.0006196681     -0.0032808570      0.0000000000    -59.2596850520  -1120.0845766649     69.8413286619
    -0.0005737695     -0.0032191483      0.0000000000    -62.8087621957  -1117.8236745807     69.2012166248
    -0.0005296032     -0.0031574755      0.0000000000    -66.3230741026  -1115.5866568361     68.4793275556
    -0.0004871913     -0.0030959287      0.0000000000    -69.7984820271  -1113.3761792685     67.6770714666
    -0.0004465516     -0.0030345986      0.0000000000    -73.2309209171  -1111.1948328156     66.7959254539
    -0.0004076985     -0.0029735768      0.0000000000    -76.6164027649  -1109.0451422677     65.8374307921
    -0.0003706422     -0.0029129554      0.0000000000    -79.9510198101  -1106.9295651510     64.8031900656
    -0.0003353888     -0.0028528267      0.0000000000    -83.2309475973  -1104.8504907369     63.6948643387
    -0.0003019407     -0.0027932830      0.0000000000    -86.4524478906  -1102.8102391707     62.5141703743
    -0.0002702959     -0.0027344168      0.0000000000    -89.6118714472  -1100.8110607184     61.2628779023
    -0.0002404486     -0.0026763201      0.0000000000    -92.7056606531  -1098.8551351221     59.9428069446
    -0.0002123890     -0.0026190843      0.0000000000    -95.7303520238  -1096.9445710602     58.5558251988
    -0.0001861030     -0.0025628002      0.0000000000    -98.6825785731  -1095.0814057067     57.1038454870
    -0.0001615727     -0.0025075579      0.0000000000   -101.5590720529  -1093.2676043816     55.5888232689
    -0.0001387762     -0.0024534461      0.0000000000   -104.3566650688  -1091.5050602892     54.0127542264
    -0.0001176877     -0.0024005523      0.0000000000   -107.0722930728  -1089.7955943365     52.3776719190
    -0.0000982774     -0.0023489625      0.0000000000   -109.7029962399  -1088.1409550252     50.6856455124
    -0.0000805119     -0.0022987613      0.0000000000   -112.2459212290  -1086.5428184116     48.9387775840
    -0.0000643539     -0.0022500309      0.0000000000   -114.6983228350  -1085.0027881274     47.1392020030
    -0.0000497624     -0.0022028521      0.0000000000   -117.0575655337  -1083.5223954580     45.2890818887
    -0.0000366930     -0.0021573029      0.0000000000   -119.3211249254  -1082.1030994664     43.3906076449
    -0.0000250976     -0.0021134592      0.0000000000   -121.4865890791  -1080.7462871635     41.4459950732
    -0.0000149249     -0.0020713945      0.0000000000   -123.5516597830  -1079.4532737124     39.4574835613
    -0.0000061203     -0.0020311791      0.0000000000   -125.5141537043  -1078.2253026655     37.4273343473
     0.0000013738     -0.0019928810      0.0000000000   -127.3720034624  -1077.0635462259     35.3578288587
     0.0000076183     -0.0019565647      0.0000000000   -129.1232586189  -1075.9691055285     33.2512671234
     0.0000126767     -0.0019222917      0.0000000000   -130.7660865881  -1074.9430109355     31.1099662521
     0.0000166153     -0.0018901204      0.0000000000   -132.2987734727  -1073.9862223401     28.9362589878
     0.0000195029     -0.0018601054      0.0000000000   -133.7197248259  -1073.0996294745     26.7324923206
     0.0000214110     -0.0018322980      0.0000000000   -135.0274663454  -1072.2840522171     24.5010261663
     0.0000224129     -0.0018067458      0.0000000000   -136.2206445008  -1071.5402408938     22.2442321021
     0.0000225843     -0.0017834924      0.0000000000   -137.2980270978  -1070.8688765702     19.9644921585
     0.0000220027     -0.0017625779      0.0000000000   -138.2585037829  -1070.2705713293     17.6641976623
     0.0000207474     -0.0017440382      0.0000000000   -139.1010864893  -1069.7458685335     15.3457481274
     0.0000188991     -0.0017279053      0.0000000000   -139.8249098277  -1069.2952430646     13.0115501875
     0.0000165401     -0.0017142068      0.0000000000   -140.4292314234  -1068.9191015409     10.6640165681
     0.0000137535     -0.0017029664      0.0000000000   -140.9134322020  -1068.6177825087      8.3055650911
     0.0000106238     -0.0016942036      0.0000000000   -141.2770166250  -1068.3915566047      5.9386177091
     0.0000072360     -0.0016879334      0.0000000000   -141.5196128765  -1068.2406266884      3.5655995625
     0.0000036759     -0.0016841668      0.0000000000   -141.6409730024  -1068.1651279429      1.1889380554
     0.0000000294     -0.0016829102      0.0000000000   -141.6409730024  -1068.1651279429     -1.1889380554
    -0.0000036171     -0.0016841658      0.0000000000   -141.5196128765  -1068.2406266884     -3.5655995625
    -0.0000071772     -0.0016879314      0.0000000000   -141.2770166250  -1068.3915566047     -5.9386177091
    -0.0000105651     -0.0016942005      0.0000000000   -140.9134322020  -1068.6177825087     -8.3055650912
    -0.0000136948     -0.0017029623      0.0000000000   -140.4292314234  -1068.9191015409    -10.6640165681
    -0.0000164815     -0.0017142016      0.0000000000   -139.8249098277  -1069.2952430646    -13.0115501875
    -0.0000188406     -0.0017278991      0.0000000000   -139.1010864893  -1069.7458685335    -15.3457481273
    -0.0000206890     -0.0017440311      0.0000000000   -138.2585037829  -1070.2705713293    -17.6641976623
    -0.0000219445     -0.0017625698      0.0000000000   -137.2980270978  -1070.8688765701    -19.9644921584
    -0.0000225262     -0.0017834832      0.0000000000   -136.2206445008  -1071.5402408938    -22.2442321022
    -0.0000223549     -0.0018067355      0.0000000000   -135.0274663454  -1072.2840522171    -24.5010261664
    -0.0000213532     -0.0018322868      0.0000000000   -133.7197248259  -1073.0996294745    -26.7324923206
    -0.0000194454     -0.0018600932      0.0000000000   -132.2987734727  -1073.9862223401    -28.9362589878
    -0.0000165579     -0.0018901072      0.0000000000   -130.7660865881  -1074.9430109355    -31.1099662522
    -0.0000126196     -0.0019222775      0.0000000000   -129.1232586189  -1075.9691055285    -33.2512671234
    -0.0000075615     -0.0019565495      0.0000000000   -127.3720034624  -1077.0635462258    -35.3578288586
    -0.0000013173     -0.0019928648      0.0000000000   -125.5141537043  -1078.2253026655    -37.4273343473
     0.0000061766     -0.0020311619      0.0000000000   -123.5516597830  -1079.4532737125    -39.4574835613
     0.0000149808     -0.0020713763      0.0000000000   -121.4865890791  -1080.7462871635    -41.4459950733
     0.0000251532     -0.0021134401      0.0000000000   -119.3211249254  -1082.1030994664    -43.3906076448
     0.0000367482     -0.0021572828      0.0000000000   -117.0575655338  -1083.5223954579    -45.2890818886
     0.0000498173     -0.0022028310      0.0000000000   -114.6983228350  -1085.0027881274    -47.1392020030
     0.0000644084     -0.0022500089      0.0000000000   -112.2459212290  -1086.5428184115    -48.9387775840
     0.0000805661     -0.0022987383      0.0000000000   -109.7029962399  -1088.1409550252    -50.6856455124
     0.0000983312     -0.0023489386      0.0000000000   -107.0722930728  -1089.7955943365    -52.3776719190
     0.0001177410     -0.0024005274      0.0000000000   -104.3566650688  -1091.5050602892    -54.0127542265
     0.0001388291     -0.0024534203      0.0000000000   -101.5590720529  -1093.2676043815    -55.5888232690
     0.0001616251     -0.0025075312      0.0000000000    -98.6825785731  -1095.0814057067    -57.1038454870
     0.0001861549     -0.0025627726      0.0000000000    -95.7303520238  -1096.9445710603    -58.5558251989
     0.0002124404     -0.0026190557      0.0000000000    -92.7056606531  -1098.8551351220    -59.9428069446
     0.0002404996     -0.0026762907      0.0000000000    -89.6118714472  -1100.8110607183    -61.2628779024
     0.0002703463     -0.0027343865      0.0000000000    -86.4524478906  -1102.8102391706    -62.5141703743
     0.0003019906     -0.0027932519      0.0000000000    -83.2309475973  -1104.8504907368    -63.6948643387
     0.0003354382     -0.0028527946      0.0000000000    -79.9510198101  -1106.9295651510    -64.8031900656
     0.0003706910     -0.0029129225      0.0000000000    -76.6164027649  -1109.0451422674    -65.8374307921
     0.0004077467     -0.0029735431      0.0000000000    -73.2309209172  -1111.1948328154    -66.7959254539
     0.0004465992     -0.0030345640      0.0000000000    -69.7984820272  -1113.3761792684    -67.6770714667
     0.0004872382     -0.0030958933      0.0000000000    -66.3230741027  -1115.5866568360    -68.4793275556
     0.0005296496     -0.0031574393      0.0000000000    -62.8087621957  -1117.8236745808    -69.2012166246
     0.0005738152     -0.0032191112      0.0000000000    -59.2596850521  -1120.0845766650    -69.8413286619
     0.0006197132     -0.0032808191      0.0000000000    -55.6800516117  -1122.3666437359    -70.3983236738
     0.0006673178     -0.0033424741      0.0000000000    -52.0741373589  -1124.6670944474    -70.8709346434
     0.0007165996     -0.0034039884      0.0000000000    -48.4462804837  -1126.9830871271    -71.2579719583
     0.0008829831     -0.0035912757      0.0000000000    -44.8003210855  -1129.3119119966    -71.5801389710
     0.0010531557     -0.0037762175      0.0000000000    -41.1395974061  -1131.6509930193    -71.8363936575
     0.0012270419     -0.0039586933      0.0000000000    -37.4674990915  -1133.9976993811    -72.0257641775
     0.0014045619     -0.0041385854      0.0000000000    -33.7874634957  -1136.3493475313    -72.1473533023
     0.0015856322     -0.0043157785      0.0000000000    -30.1029717968  -1138.7032033829    -72.2003413717
     0.0017701656     -0.0044901603      0.0000000000    -26.4175449618  -1141.0564846715    -72.1839892229
     0.0019580713     -0.0046616216      0.0000000000    -22.7347395634  -1143.4063634741    -72.0976410867
     0.0021492548     -0.0048300562      0.0000000000    -19.0581434504  -1145.7499688931    -71.9407274386
     0.0023436186     -0.0049953613      0.0000000000    -15.3913712729  -1148.0843898950    -71.7127677983
     0.0025410619     -0.0051574376      0.0000000000    -11.7380598668  -1150.4066783194    -71.4133734688
     0.0027414808     -0.0053161893      0.0000000000     -8.1018635003  -1152.7138520409    -71.0422502035
     0.0029447687     -0.0054715243      0.0000000000     -4.4864489861  -1155.0028982946    -70.5992007941
     0.0031508163     -0.0056233541      0.0000000000     -0.8954906634  -1157.2707771591    -70.0841275729
     0.0033595118     -0.0057715945      0.0000000000      2.6673347443  -1159.5144251945    -69.4970348113
     0.0035707409     -0.0059161649      0.0000000000      6.1983533925  -1161.7307592316    -68.8380310176
     0.0037843874     -0.0060569890      0.0000000000      9.6938996921  -1163.9166803140    -68.1073311136
     0.0040003331     -0.0061939946      0.0000000000     13.1503217946  -1166.0690777844    -67.3052584891
     0.0042184580     -0.0063271136      0.0000000000     16.5639871783  -1168.1848335083    -66.4322469212
     0.0044386405     -0.0064562824      0.0000000000     19.9312883286  -1170.2608262422    -65.4888423476
     0.0046607578     -0.0065814416      0.0000000000     23.2486485059  -1172.2939361253    -64.4757044941
     0.0048846856     -0.0067025361      0.0000000000     26.5125275912  -1174.2810493012    -63.3936083347
     0.0051102989     -0.0068195154      0.0000000000     29.7194280032  -1176.2190626577    -62.2434453890
     0.0053374720     -0.0069323333      0.0000000000     32.8659006760  -1178.1048886745    -61.0262248371
     0.0055660783     -0.0070409480      0.0000000000     35.9485510899  -1179.9354603841    -59.7430744550
     0.0057959911     -0.0071453223      0.0000000000     38.9640453443  -1181.7077364185    -58.3952413542
     0.0060270835     -0.0072454233      0.0000000000     41.9091162639  -1183.4187061567    -56.9840925238
     0.0062592285     -0.0073412226      0.0000000000     44.7805695270  -1185.0653949405    -55.5111151649
     0.0064922995     -0.0074326962      0.0000000000     47.5752898054  -1186.6448693715    -53.9779168128
     0.0067261702     -0.0075198243      0.0000000000     50.2902469050  -1188.1542426589    -52.3862252411
     0.0069607149     -0.0076025916      0.0000000000     52.9225018957  -1189.5906800286    -50.7378881401
     0.0071958088     -0.0076809871      0.0000000000     55.4692132196  -1190.9514041673    -49.0348725663
     0.0074313281     -0.0077550039      0.0000000000     57.9276427640  -1192.2337006983    -47.2792641562
     0.0076671500     -0.0078246393      0.0000000000     60.2951618889  -1193.4349236764    -45.4732661018
     0.0079031534     -0.0078898946      0.0000000000     62.5692573966  -1194.5525010895    -43.6191978848
     0.0081392183     -0.0079507750      0.0000000000     64.7475374286  -1195.5839403662    -41.7194937621
     0.0083752268     -0.0080072897      0.0000000000     66.8277372807  -1196.5268338526    -39.7767010061
     0.0086110626     -0.0080594518      0.0000000000     68.8077251210  -1197.3788642719    -37.7934778911
     0.0088466115     -0.0081072777      0.0000000000     70.6855075985  -1198.1378101476    -35.7725914295
     0.0090817614     -0.0081507876      0.0000000000     72.4592353304  -1198.8015511623    -33.7169148547
     0.0093164027     -0.0081900052      0.0000000000     74.1272082532  -1199.3680734688    -31.6294248479
     0.0095504279     -0.0082249571      0.0000000000     75.6878808274  -1199.8354749108    -29.5131985144
     0.0097837325     -0.0082556735      0.0000000000     77.1398670800  -1200.2019701558    -27.3714101065
     0.0100162142     -0.0082821873      0.0000000000     78.4819454738  -1200.4658957394    -25.2073274922
     0.0102477740     -0.0083045344      0.0000000000     79.7130635904  -1200.6257149748    -23.0243083817
     0.0104783153     -0.0083227534      0.0000000000     80.8323426136  -1200.6800227490    -20.8257962985
     0.0107077449     -0.0083368855      0.0000000000     81.8390816013  -1200.6275501745    -18.6153163150
     0.0109359724     -0.0083469740      0.0000000000     82.7327615339  -1200.4671690856    -16.3964705430
     0.0111629107     -0.0083530649      0.0000000000     83.5130477619  -1200.2040191901    -14.1728799656
     0.0113884758     -0.0083552060      0.0000000000     84.1797772069  -1199.8495010294    -11.9476452601
     0.0116125869     -0.0083534470      0.0000000000     84.7329316927  -1199.4090044999     -9.7233425858
     0.0118351668     -0.0083478395      0.0000000000     85.1726247152  -1198.8819015012     -7.5025543201
     0.0120561412     -0.0083384366      0.0000000000     85.4991030300  -1198.2676724357     -5.2879188200
     0.0122754395     -0.0083252929      0.0000000000     85.7127494115  -1197.5659097594     -3.0821265385
     0.0124929943     -0.0083084641      0.0000000000     85.8140852077  -1196.7763213437     -0.8879159419
     0.0127087416     -0.0082880069      0.0000000000     85.8037726822  -1195.8987336875      1.2919307681
     0.0129226209     -0.0082639791      0.0000000000     85.6826171333  -1194.9330949174      3.4545921227
     0.0131345748     -0.0082364392      0.0000000000     85.4515687792  -1193.8794776115      5.5972120306
     0.0133445496     -0.0082054460      0.0000000000     85.1117244033  -1192.7380814020      7.7169046020
     0.0135524946     -0.0081710590      0.0000000000     84.6643287476  -1191.5092353684      9.8107591270
     0.0137583626     -0.0081333379      0.0000000000     84.1107756489  -1190.1934002035     11.8758452157
     0.0139621096     -0.0080923423      0.0000000000     83.4526089087  -1188.7911701445     13.9092180789
     0.0141636948     -0.0080481319      0.0000000000     82.6915228898  -1187.3032746640     15.9079239429
     0.0143630804     -0.0080007662      0.0000000000     81.8293628342  -1185.7305799002     17.8690055886
     0.0145602319     -0.0079503043      0.0000000000     80.8681248938  -1184.0740898503     19.7895080040
     0.0147551175     -0.0078968049      0.0000000000     79.8099557505  -1182.3349472744     21.6664888844
     0.0144150691     -0.0080082663      0.0000000000     78.6553323284  -1180.5138121130     23.5683067981
     0.0140757117     -0.0081260760      0.0000000000     77.4030620450  -1178.6108622335     25.4920096027
     0.0137371827     -0.0082502363      0.0000000000     76.0521035968  -1176.6264165103     27.4346227606
     0.0133996214     -0.0083807464      0.0000000000     74.6015678272  -1174.5609353893     29.3931601440
     0.0130631688     -0.0085176009      0.0000000000     73.0507181621  -1172.4150211566     31.3646301415
     0.0127279675     -0.0086607908      0.0000000000     71.3989707328  -1170.1894179234     33.3460417983
     0.0123941613     -0.0088103028      0.0000000000     69.6458941859  -1167.8850112992     35.3344109798
     0.0120618956     -0.0089661194      0.0000000000     67.7912091767  -1165.5028277909     37.3267665427
     0.0117313168     -0.0091282186      0.0000000000     65.8347875494  -1163.0440338881     39.3201565052
     0.0114025724     -0.0092965742      0.0000000000     63.7766512012  -1160.5099348463     41.3116541918
     0.0110758107     -0.0094711552      0.0000000000     61.6169706350  -1157.9019731937     43.2983643525
     0.0107511809     -0.0096519260      0.0000000000     59.3560631996  -1155.2217269155     45.2774292276
     0.0104288327     -0.0098388463      0.0000000000     56.9943910230  -1152.4709073606     47.2460345574
     0.0101089162     -0.0100318712      0.0000000000     54.5325586399  -1149.6513568442     49.2014155138
     0.0097915817     -0.0102309506      0.0000000000     51.9712209722  -1146.7650154182     51.1443629051
     0.0094769796     -0.0104360297      0.0000000000     49.3111809675  -1143.8139522988     53.0682867099
     0.0091652603     -0.0106470487      0.0000000000     46.5534756954  -1140.8003931640     54.9706047151
     0.0088565737     -0.0108639427      0.0000000000     43.6992722008  -1137.7266822288     56.8488070929
     0.0085510693     -0.0110866417      0.0000000000     40.7499081950  -1134.5952936649     58.6987174442
     0.0082488960     -0.0113150708      0.0000000000     37.7075545309  -1131.4090554240     60.4918721063
     0.0079502020     -0.0115491496      0.0000000000     34.5764759390  -1128.1715774501     62.1747026940
     0.0076551346     -0.0117887926      0.0000000000     31.3623604768  -1124.8870194142     63.7450157628
     0.0073638399     -0.0120339088      0.0000000000     28.0710042793  -1121.5596378921     65.2007706010
     0.0070764623     -0.0122844025      0.0000000000     24.7083036431  -1118.1937803415     66.5400838713
     0.0067931443     -0.0125401729      0.0000000000     21.2802468807  -1114.7938788691     67.7612340063
     0.0065140264     -0.0128011145      0.0000000000     17.7929059559  -1111.3644437709     68.8626653431
     0.0062392465     -0.0130671167      0.0000000000     14.2524279165  -1107.9100568762     69.8429919905
     0.0059689400     -0.0133380645      0.0000000000     10.6650261348  -1104.4353646935     70.7010014182
     0.0057032395     -0.0136138384      0.0000000000      7.0369713743  -1100.9450713857     71.4356577533
     0.0054422745     -0.0138943143      0.0000000000      3.3745826940  -1097.4439315785     72.0461047826
     0.0051861711     -0.0141793639      0.0000000000     -0.3157817919  -1093.9367430020     72.5316686468
     0.0049350520     -0.0144688550      0.0000000000     -4.0277342838  -1090.4283390150     72.8918602199
     0.0046890363     -0.0147626512      0.0000000000     -7.7548667798  -1086.9235809890     73.1263771687
     0.0044482388     -0.0150606126      0.0000000000    -11.4907606562  -1083.4273505834     73.2351056826
     0.0042127708     -0.0153625954      0.0000000000    -15.2289963269  -1079.9445419339     73.2181218734
     0.0039827388     -0.0156684529      0.0000000000    -18.9631629660  -1076.4800537509     73.0756928303
     0.0037582452     -0.0159780350      0.0000000000    -22.6868682756  -1073.0387813592     72.8082773357
     0.0035393878     -0.0162911886      0.0000000000    -26.3937482811  -1069.6256086845     72.4165262356
     0.0033262595     -0.0166077580      0.0000000000    -30.0774771369  -1066.2454002134     71.9012824554
     0.0031189485     -0.0169275851      0.0000000000    -33.7317769228  -1062.9029929225     71.2635806665
     0.0029175381     -0.0172505094      0.0000000000    -37.3504274160  -1059.6031882272     70.5046465991
     0.0027221063     -0.0175763685      0.0000000000    -40.9272758177  -1056.3507439207     69.6258960018
     0.0025327263     -0.0179049982      0.0000000000    -44.4562464178  -1053.1503661698     68.6289332462
     0.0023494657     -0.0182362330      0.0000000000    -47.9313501799  -1050.0067015385     67.5155495752
     0.0021723869     -0.0185699059      0.0000000000    -51.3466942273  -1046.9243290835     66.2877210111
     0.0020015472     -0.0189058490      0.0000000000    -54.6964912135  -1043.9077525320     64.9476058939
     0.0018369982     -0.0192438936      0.0000000000    -57.9750685586  -1040.9613925548     63.4975421041
     0.0016787862     -0.0195838708      0.0000000000    -61.1768775340  -1038.0895791453     61.9400439081
     0.0015269521     -0.0199256113      0.0000000000    -64.2965021794  -1035.2965441364     60.2777985000
     0.0013815313     -0.0202689457      0.0000000000    -67.3286680328  -1032.5864138524     58.5136621898
     0.0012425540     -0.0206137053      0.0000000000    -70.2682506590  -1029.9632019259     56.6506562728
     0.0011100448     -0.0209597216      0.0000000000    -73.1102839582  -1027.4308022844     54.6919625885
     0.0009840230     -0.0213068270      0.0000000000    -75.8499682408  -1024.9929823312     52.6409187540
     0.0008645028     -0.0216548552      0.0000000000    -78.4826780503  -1022.6533763185     50.5010131067
     0.0007514930     -0.0220036409      0.0000000000    -81.0039697213  -1020.4154789503     48.2758793536
     0.0006449974     -0.0223530206      0.0000000000    -83.4095886566  -1018.2826392076     45.9692909282
     0.0005450146     -0.0227028323      0.0000000000    -85.6954763093  -1016.2580544190     43.5851550884
     0.0004515386     -0.0230529164      0.0000000000    -87.8577768572  -1014.3447645866     41.1275067365
     0.0003645583     -0.0234031151      0.0000000000    -89.8928435552  -1012.5456469819     38.6005020022
     0.0002840581     -0.0237532733      0.0000000000    -91.7972447539  -1010.8634110185     36.0084115812
     0.0002100178     -0.0241032386      0.0000000000    -93.5677695723  -1009.3005934206     33.3556138479
     0.0001424129     -0.0244528611      0.0000000000    -95.2014332139  -1007.8595536826     30.6465877611
     0.0000812144     -0.0248019944      0.0000000000    -96.6954819153  -1006.5424698502     27.8859055639
     0.0000263896     -0.0251504948      0.0000000000    -98.0473975171  -1005.3513346126     25.0782253023
    -0.0000220981     -0.0254982224      0.0000000000    -99.2549015765  -1004.2879517277     22.2282803210
    -0.0000204287     -0.0255118859      0.0000000000   -100.3159588654  -1003.3539329273     19.3408657344
    -0.0000183277     -0.0255237923      0.0000000000   -101.2287807597  -1002.5506950224     16.4208476480
    -0.0000158538     -0.0255339140      0.0000000000   -101.9918285113  -1001.8794571983     13.4731493701
    -0.0000130672     -0.0255422276      0.0000000000   -102.6038158863  -1001.3412388220     10.5027403792
    -0.0000100290     -0.0255487139      0.0000000000   -103.0637113116  -1000.9368576019      7.5146280528
    -0.0000068014     -0.0255533579      0.0000000000   -103.3707395959  -1000.6669281145      4.5138493242
    -0.0000034471     -0.0255561489      0.0000000000   -103.5243832248  -1000.5318606943      1.5054622799
