     0.0000000137     -0.0255570803      0.0000000000   -103.5243832249  -1000.5318606943     -1.5054622799
     0.0000034314     -0.0255561492      0.0000000000   -103.3707395959  -1000.6669281145     -4.5138493243
     0.0000067857     -0.0255533585      0.0000000000   -103.0637113116  -1000.9368576020     -7.5146280533
     0.0000100133     -0.0255487147      0.0000000000   -102.6038158863  -1001.3412388220    -10.5027403793
     0.0000130515     -0.0255422287      0.0000000000   -101.9918285113  -1001.8794571983    -13.4731493704
     0.0000158382     -0.0255339153      0.0000000000   -101.2287807597  -1002.5506950222    -16.4208476475
     0.0000183121     -0.0255237939      0.0000000000   -100.3159588654  -1003.3539329273    -19.3408657341
     0.0000204132     -0.0255118878      0.0000000000    -99.2549015765  -1004.2879517272    -22.2282803209
     0.0000220826     -0.0254982246      0.0000000000    -98.0473975171  -1005.3513346128    -25.0782253027
    -0.0000264051     -0.0251504973      0.0000000000    -96.6954819153  -1006.5424698502    -27.8859055642
    -0.0000812299     -0.0248019971      0.0000000000    -95.2014332139  -1007.8595536828    -30.6465877616
    -0.0001424283     -0.0244528641      0.0000000000    -93.5677695723  -1009.3005934206    -33.3556138479
    -0.0002100332     -0.0241032418      0.0000000000    -91.7972447539  -1010.8634110185    -36.0084115807
    -0.0002840734     -0.0237532768      0.0000000000    -89.8928435552  -1012.5456469819    -38.6005020022
    -0.0003645736     -0.0234031189      0.0000000000    -87.8577768572  -1014.3447645866    -41.1275067369
    -0.0004515538     -0.0230529204      0.0000000000    -85.6954763093  -1016.2580544190    -43.5851550878
    -0.0005450297     -0.0227028366      0.0000000000    -83.4095886566  -1018.2826392082    -45.9692909284
    -0.0006450124     -0.0223530252      0.0000000000    -81.0039697213  -1020.4154789503    -48.2758793534
    -0.0007515079     -0.0220036458      0.0000000000    -78.4826780503  -1022.6533763177    -50.5010131065
    -0.0008645177     -0.0216548603      0.0000000000    -75.8499682408  -1024.9929823308    -52.6409187535
    -0.0009840378     -0.0213068324      0.0000000000    -73.1102839582  -1027.4308022839    -54.6919625888
    -0.0011100595     -0.0209597272      0.0000000000    -70.2682506590  -1029.9632019251    -56.6506562738
    -0.0012425686     -0.0206137112      0.0000000000    -67.3286680328  -1032.5864138511    -58.5136621888
    -0.0013815458     -0.0202689519      0.0000000000    -64.2965021794  -1035.2965441369    -60.2777985001
    -0.0015269664     -0.0199256177      0.0000000000    -61.1768775340  -1038.0895791457    -61.9400439078
    -0.0016788004     -0.0195838775      0.0000000000    -57.9750685586  -1040.9613925553    -63.4975421037
    -0.0018370123     -0.0192439005      0.0000000000    -54.6964912135  -1043.9077525320    -64.9476058949
    -0.0020015612     -0.0189058561      0.0000000000    -51.3466942273  -1046.9243290827    -66.2877210106
    -0.0021724008     -0.0185699132      0.0000000000    -47.9313501799  -1050.0067015389    -67.5155495761
    -0.0023494794     -0.0182362406      0.0000000000    -44.4562464178  -1053.1503661714    -68.6289332458
    -0.0025327399     -0.0179050061      0.0000000000    -40.9272758177  -1056.3507439212    -69.6258960025
    -0.0027221198     -0.0175763766      0.0000000000    -37.3504274160  -1059.6031882272    -70.5046465990
    -0.0029175514     -0.0172505177      0.0000000000    -33.7317769228  -1062.9029929234    -71.2635806663
    -0.0031189617     -0.0169275936      0.0000000000    -30.0774771368  -1066.2454002134    -71.9012824550
    -0.0033262725     -0.0166077668      0.0000000000    -26.3937482811  -1069.6256086854    -72.4165262356
    -0.0035394006     -0.0162911976      0.0000000000    -22.6868682756  -1073.0387813592    -72.8082773360
    -0.0037582579     -0.0159780442      0.0000000000    -18.9631629660  -1076.4800537505    -73.0756928304
    -0.0039827513     -0.0156684624      0.0000000000    -15.2289963269  -1079.9445419339    -73.2181218735
    -0.0042127832     -0.0153626051      0.0000000000    -11.4907606562  -1083.4273505847    -73.2351056832
    -0.0044482510     -0.0150606224      0.0000000000     -7.7548667798  -1086.9235809890    -73.1263771681
    -0.0046890483     -0.0147626613      0.0000000000     -4.0277342838  -1090.4283390158    -72.8918602198
    -0.0049350639     -0.0144688653      0.0000000000     -0.3157817919  -1093.9367430024    -72.5316686469
    -0.0051861828     -0.0141793744      0.0000000000      3.3745826940  -1097.4439315789    -72.0461047830
    -0.0054422860     -0.0138943250      0.0000000000      7.0369713744  -1100.9450713857    -71.4356577533
    -0.0057032508     -0.0136138493      0.0000000000     10.6650261349  -1104.4353646931    -70.7010014181
    -0.0059689511     -0.0133380756      0.0000000000     14.2524279165  -1107.9100568758    -69.8429919906
    -0.0062392574     -0.0130671280      0.0000000000     17.7929059560  -1111.3644437713    -68.8626653429
    -0.0065140371     -0.0128011259      0.0000000000     21.2802468807  -1114.7938788691    -67.7612340064
    -0.0067931548     -0.0125401846      0.0000000000     24.7083036432  -1118.1937803419    -66.5400838717
    -0.0070764726     -0.0122844143      0.0000000000     28.0710042793  -1121.5596378913    -65.2007706007
    -0.0073638500     -0.0120339208      0.0000000000     31.3623604769  -1124.8870194146    -63.7450157625
    -0.0076551444     -0.0117888048      0.0000000000     34.5764759391  -1128.1715774513    -62.1747026940
    -0.0079502116     -0.0115491620      0.0000000000     37.7075545310  -1131.4090554248    -60.4918721060
    -0.0082489055     -0.0113150833      0.0000000000     40.7499081950  -1134.5952936653    -58.6987174444
    -0.0085510785     -0.0110866544      0.0000000000     43.6992722008  -1137.7266822292    -56.8488070926
    -0.0088565827     -0.0108639555      0.0000000000     46.5534756954  -1140.8003931636    -54.9706047148
    -0.0091652690     -0.0106470617      0.0000000000     49.3111809675  -1143.8139522984    -53.0682867099
    -0.0094769882     -0.0104360429      0.0000000000     51.9712209723  -1146.7650154178    -51.1443629050
    -0.0097915900     -0.0102309639      0.0000000000     54.5325586399  -1149.6513568438    -49.2014155140
    -0.0101089242     -0.0100318847      0.0000000000     56.9943910230  -1152.4709073610    -47.2460345574
    -0.0104288405     -0.0098388599      0.0000000000     59.3560631996  -1155.2217269159    -45.2774292276
    -0.0107511885     -0.0096519397      0.0000000000     61.6169706350  -1157.9019731937    -43.2983643524
    -0.0110758181     -0.0094711690      0.0000000000     63.7766512013  -1160.5099348458    -41.3116541920
    -0.0114025795     -0.0092965882      0.0000000000     65.8347875494  -1163.0440338881    -39.3201565051
    -0.0117313237     -0.0091282327      0.0000000000     67.7912091768  -1165.5028277917    -37.3267665429
    -0.0120619022     -0.0089661336      0.0000000000     69.6458941859  -1167.8850112992    -35.3344109797
    -0.0123941677     -0.0088103171      0.0000000000     71.3989707329  -1170.1894179230    -33.3460417985
    -0.0127279736     -0.0086608052      0.0000000000     73.0507181621  -1172.4150211562    -31.3646301416
    -0.0130631747     -0.0085176154      0.0000000000     74.6015678273  -1174.5609353893    -29.3931601440
    -0.0133996270     -0.0083807610      0.0000000000     76.0521035969  -1176.6264165099    -27.4346227606
    -0.0137371880     -0.0082502511      0.0000000000     77.4030620450  -1178.6108622335    -25.4920096031
    -0.0140757168     -0.0081260908      0.0000000000     78.6553323285  -1180.5138121134    -23.5683067983
    -0.0144150740     -0.0080082813      0.0000000000     79.8099557506  -1182.3349472748    -21.6664888843
    -0.0147551221     -0.0078968199      0.0000000000     80.8681248938  -1184.0740898503    -19.7895080034
    -0.0145602362     -0.0079503194      0.0000000000     81.8293628342  -1185.7305799002    -17.8690055889
    -0.0143630845     -0.0080007814      0.0000000000     82.6915228899  -1187.3032746636    -15.9079239426
    -0.0141636986     -0.0080481471      0.0000000000     83.4526089087  -1188.7911701457    -13.9092180789
    -0.0139621132     -0.0080923576      0.0000000000     84.1107756489  -1190.1934002039    -11.8758452161
    -0.0137583659     -0.0081333532      0.0000000000     84.6643287476  -1191.5092353684     -9.8107591267
    -0.0135524976     -0.0081710744      0.0000000000     85.1117244034  -1192.7380814020     -7.7169046021
    -0.0133445523     -0.0082054615      0.0000000000     85.4515687793  -1193.8794776115     -5.5972120306
    -0.0131345772     -0.0082364547      0.0000000000     85.6826171333  -1194.9330949179     -3.4545921225
    -0.0129226230     -0.0082639947      0.0000000000     85.8037726823  -1195.8987336871     -1.2919307684
    -0.0127087435     -0.0082880225      0.0000000000     85.8140852077  -1196.7763213441      0.8879159416
    -0.0124929959     -0.0083084797      0.0000000000     85.7127494116  -1197.5659097582      3.0821265387
    -0.0122754409     -0.0083253086      0.0000000000     85.4991030301  -1198.2676724361      5.2879188202
    -0.0120561423     -0.0083384523      0.0000000000     85.1726247152  -1198.8819015012      7.5025543201
    -0.0118351676     -0.0083478552      0.0000000000     84.7329316928  -1199.4090044999      9.7233425858
    -0.0116125875     -0.0083534627      0.0000000000     84.1797772069  -1199.8495010286     11.9476452601
    -0.0113884760     -0.0083552217      0.0000000000     83.5130477619  -1200.2040191901     14.1728799655
    -0.0111629107     -0.0083530806      0.0000000000     82.7327615339  -1200.4671690864     16.3964705432
    -0.0109359721     -0.0083469897      0.0000000000     81.8390816014  -1200.6275501736     18.6153163146
    -0.0107077444     -0.0083369012      0.0000000000     80.8323426136  -1200.6800227494     20.8257962987
    -0.0104783145     -0.0083227691      0.0000000000     79.7130635905  -1200.6257149740     23.0243083819
    -0.0102477729     -0.0083045501      0.0000000000     78.4819454738  -1200.4658957390     25.2073274924
    -0.0100162129     -0.0082822029      0.0000000000     77.1398670800  -1200.2019701562     27.3714101062
    -0.0097837308     -0.0082556891      0.0000000000     75.6878808274  -1199.8354749104     29.5131985142
    -0.0095504260     -0.0082249727      0.0000000000     74.1272082532  -1199.3680734692     31.6294248480
    -0.0093164005     -0.0081900207      0.0000000000     72.4592353304  -1198.8015511623     33.7169148546
    -0.0090817590     -0.0081508031      0.0000000000     70.6855075986  -1198.1378101467     35.7725914299
    -0.0088466088     -0.0081072932      0.0000000000     68.8077251210  -1197.3788642715     37.7934778912
    -0.0086110596     -0.0080594672      0.0000000000     66.8277372807  -1196.5268338522     39.7767010061
    -0.0083752235     -0.0080073051      0.0000000000     64.7475374286  -1195.5839403662     41.7194937622
    -0.0081392148     -0.0079507903      0.0000000000     62.5692573966  -1194.5525010882     43.6191978847
    -0.0079031496     -0.0078899098      0.0000000000     60.2951618890  -1193.4349236756     45.4732661021
    -0.0076671460     -0.0078246545      0.0000000000     57.9276427640  -1192.2337006979     47.2792641562
    -0.0074313237     -0.0077550190      0.0000000000     55.4692132197  -1190.9514041673     49.0348725665
    -0.0071958042     -0.0076810021      0.0000000000     52.9225018958  -1189.5906800286     50.7378881400
    -0.0069607100     -0.0076026066      0.0000000000     50.2902469050  -1188.1542426585     52.3862252409
    -0.0067261651     -0.0075198391      0.0000000000     47.5752898055  -1186.6448693707     53.9779168127
    -0.0064922941     -0.0074327109      0.0000000000     44.7805695271  -1185.0653949405     55.5111151648
    -0.0062592229     -0.0073412373      0.0000000000     41.9091162640  -1183.4187061567     56.9840925240
    -0.0060270776     -0.0072454379      0.0000000000     38.9640453443  -1181.7077364190     58.3952413544
    -0.0057959850     -0.0071453368      0.0000000000     35.9485510899  -1179.9354603841     59.7430744549
    -0.0055660719     -0.0070409624      0.0000000000     32.8659006761  -1178.1048886753     61.0262248369
    -0.0053374653     -0.0069323475      0.0000000000     29.7194280033  -1176.2190626581     62.2434453892
    -0.0051102920     -0.0068195295      0.0000000000     26.5125275912  -1174.2810493016     63.3936083351
    -0.0048846784     -0.0067025501      0.0000000000     23.2486485059  -1172.2939361253     64.4757044942
    -0.0046607504     -0.0065814554      0.0000000000     19.9312883286  -1170.2608262422     65.4888423477
    -0.0044386329     -0.0064562961      0.0000000000     16.5639871783  -1168.1848335083     66.4322469212
    -0.0042184502     -0.0063271272      0.0000000000     13.1503217946  -1166.0690777838     67.3052584893
    -0.0040003250     -0.0061940080      0.0000000000      9.6938996921  -1163.9166803146     68.1073311136
    -0.0037843791     -0.0060570023      0.0000000000      6.1983533925  -1161.7307592318     68.8380310177
    -0.0035707323     -0.0059161781      0.0000000000      2.6673347443  -1159.5144251943     69.4970348113
    -0.0033595030     -0.0057716075      0.0000000000     -0.8954906634  -1157.2707771593     70.0841275729
    -0.0031508073     -0.0056233670      0.0000000000     -4.4864489860  -1155.0028982948     70.5992007942
    -0.0029447595     -0.0054715370      0.0000000000     -8.1018635003  -1152.7138520411     71.0422502033
    -0.0027414714     -0.0053162019      0.0000000000    -11.7380598668  -1150.4066783196     71.4133734690
    -0.0025410522     -0.0051574500      0.0000000000    -15.3913712729  -1148.0843898952     71.7127677982
    -0.0023436087     -0.0049953735      0.0000000000    -19.0581434504  -1145.7499688933     71.9407274385
    -0.0021492447     -0.0048300682      0.0000000000    -22.7347395634  -1143.4063634743     72.0976410868
    -0.0019580610     -0.0046616334      0.0000000000    -26.4175449617  -1141.0564846715     72.1839892229
    -0.0017701551     -0.0044901720      0.0000000000    -30.1029717968  -1138.7032033831     72.2003413718
    -0.0015856215     -0.0043157900      0.0000000000    -33.7874634957  -1136.3493475312     72.1473533023
    -0.0014045510     -0.0041385967      0.0000000000    -37.4674990914  -1133.9976993812     72.0257641777
    -0.0012270308     -0.0039587044      0.0000000000    -41.1395974061  -1131.6509930193     71.8363936577
    -0.0010531444     -0.0037762284      0.0000000000    -44.8003210855  -1129.3119119965     71.5801389711
    -0.0008829716     -0.0035912864      0.0000000000    -48.4462804837  -1126.9830871273     71.2579719582
    -0.0007165879     -0.0034039989      0.0000000000    -52.0741373589  -1124.6670944475     70.8709346435
    -0.0006673059     -0.0033424844      0.0000000000    -55.6800516117  -1122.3666437357     70.3983236738
    -0.0006197012     -0.0032808292      0.0000000000    -59.2596850521  -1120.0845766650     69.8413286620
    -0.0005738030     -0.0032191211      0.0000000000    -62.8087621957  -1117.8236745805     69.2012166247
    -0.0005296372     -0.0031574490      0.0000000000    -66.3230741027  -1115.5866568360     68.4793275556
    -0.0004872257     -0.0030959027      0.0000000000    -69.7984820271  -1113.3761792685     67.6770714666
    -0.0004465865     -0.0030345733      0.0000000000    -73.2309209172  -1111.1948328154     66.7959254538
    -0.0004077339     -0.0029735521      0.0000000000    -76.6164027649  -1109.0451422676     65.8374307922
    -0.0003706779     -0.0029129313      0.0000000000    -79.9510198101  -1106.9295651511     64.8031900656
    -0.0003354250     -0.0028528032      0.0000000000    -83.2309475973  -1104.8504907369     63.6948643387
    -0.0003019773     -0.0027932602      0.0000000000    -86.4524478906  -1102.8102391707     62.5141703744
    -0.0002703329     -0.0027343946      0.0000000000    -89.6118714472  -1100.8110607183     61.2628779023
    -0.0002404860     -0.0026762985      0.0000000000    -92.7056606531  -1098.8551351220     59.9428069445
    -0.0002124267     -0.0026190634      0.0000000000    -95.7303520238  -1096.9445710603     58.5558251989
    -0.0001861410     -0.0025627800      0.0000000000    -98.6825785731  -1095.0814057068     57.1038454871
    -0.0001616111     -0.0025075383      0.0000000000   -101.5590720529  -1093.2676043815     55.5888232689
    -0.0001388149     -0.0024534271      0.0000000000   -104.3566650688  -1091.5050602890     54.0127542265
    -0.0001177268     -0.0024005340      0.0000000000   -107.0722930728  -1089.7955943366     52.3776719190
    -0.0000983168     -0.0023489450      0.0000000000   -109.7029962399  -1088.1409550252     50.6856455124
    -0.0000805516     -0.0022987444      0.0000000000   -112.2459212290  -1086.5428184116     48.9387775841
    -0.0000643939     -0.0022500148      0.0000000000   -114.6983228350  -1085.0027881274     47.1392020031
    -0.0000498027     -0.0022028366      0.0000000000   -117.0575655338  -1083.5223954579     45.2890818886
    -0.0000367335     -0.0021572881      0.0000000000   -119.3211249255  -1082.1030994664     43.3906076449
    -0.0000251383     -0.0021134452      0.0000000000   -121.4865890791  -1080.7462871635     41.4459950732
    -0.0000149659     -0.0020713811      0.0000000000   -123.5516597830  -1079.4532737124     39.4574835613
    -0.0000061616     -0.0020311665      0.0000000000   -125.5141537043  -1078.2253026655     37.4273343473
     0.0000013324     -0.0019928691      0.0000000000   -127.3720034625  -1077.0635462259     35.3578288587
     0.0000075766     -0.0019565535      0.0000000000   -129.1232586189  -1075.9691055285     33.2512671234
     0.0000126348     -0.0019222813      0.0000000000   -130.7660865881  -1074.9430109355     31.1099662522
     0.0000165732     -0.0018901107      0.0000000000   -132.2987734727  -1073.9862223401     28.9362589877
     0.0000194607     -0.0018600964      0.0000000000   -133.7197248259  -1073.0996294745     26.7324923206
     0.0000213686     -0.0018322898      0.0000000000   -135.0274663455  -1072.2840522171     24.5010261664
     0.0000223704     -0.0018067383      0.0000000000   -136.2206445008  -1071.5402408938     22.2442321021
     0.0000225417     -0.0017834857      0.0000000000   -137.2980270978  -1070.8688765702     19.9644921585
     0.0000219600     -0.0017625719      0.0000000000   -138.2585037829  -1070.2705713293     17.6641976623
     0.0000207046     -0.0017440330      0.0000000000   -139.1010864893  -1069.7458685335     15.3457481274
     0.0000188563     -0.0017279007      0.0000000000   -139.8249098277  -1069.2952430646     13.0115501875
     0.0000164971     -0.0017142030      0.0000000000   -140.4292314234  -1068.9191015409     10.6640165681
     0.0000137105     -0.0017029634      0.0000000000   -140.9134322020  -1068.6177825087      8.3055650911
     0.0000105807     -0.0016942013      0.0000000000   -141.2770166251  -1068.3915566047      5.9386177092
     0.0000071929     -0.0016879319      0.0000000000   -141.5196128766  -1068.2406266884      3.5655995626
     0.0000036328     -0.0016841660      0.0000000000   -141.6409730024  -1068.1651279429      1.1889380554
    -0.0000000137     -0.0016829102      0.0000000000   -141.6409730024  -1068.1651279429     -1.1889380553
    -0.0000036602     -0.0016841665      0.0000000000   -141.5196128766  -1068.2406266884     -3.5655995625
    -0.0000072203     -0.0016879329      0.0000000000   -141.2770166251  -1068.3915566047     -5.9386177091
    -0.0000106081     -0.0016942028      0.0000000000   -140.9134322020  -1068.6177825087     -8.3055650911
    -0.0000137379     -0.0017029653      0.0000000000   -140.4292314234  -1068.9191015409    -10.6640165680
    -0.0000165244     -0.0017142054      0.0000000000   -139.8249098277  -1069.2952430646    -13.0115501875
    -0.0000188835     -0.0017279036      0.0000000000   -139.1010864893  -1069.7458685335    -15.3457481274
    -0.0000207318     -0.0017440363      0.0000000000   -138.2585037829  -1070.2705713293    -17.6641976623
    -0.0000219872     -0.0017625758      0.0000000000   -137.2980270978  -1070.8688765701    -19.9644921584
    -0.0000225688     -0.0017834900      0.0000000000   -136.2206445008  -1071.5402408939    -22.2442321021
    -0.0000223974     -0.0018067430      0.0000000000   -135.0274663455  -1072.2840522171    -24.5010261663
    -0.0000213955     -0.0018322950      0.0000000000   -133.7197248259  -1073.0996294745    -26.7324923206
    -0.0000194876     -0.0018601021      0.0000000000   -132.2987734727  -1073.9862223401    -28.9362589877
    -0.0000166000     -0.0018901169      0.0000000000   -130.7660865881  -1074.9430109355    -31.1099662522
    -0.0000126614     -0.0019222879      0.0000000000   -129.1232586189  -1075.9691055286    -33.2512671234
    -0.0000076031     -0.0019565606      0.0000000000   -127.3720034625  -1077.0635462259    -35.3578288587
    -0.0000013587     -0.0019928767      0.0000000000   -125.5141537043  -1078.2253026655    -37.4273343474
     0.0000061353     -0.0020311746      0.0000000000   -123.5516597830  -1079.4532737124    -39.4574835613
     0.0000149398     -0.0020713896      0.0000000000   -121.4865890791  -1080.7462871635    -41.4459950732
     0.0000251124     -0.0021134541      0.0000000000   -119.3211249255  -1082.1030994664    -43.3906076448
     0.0000367077     -0.0021572975      0.0000000000   -117.0575655338  -1083.5223954580    -45.2890818886
     0.0000497771     -0.0022028464      0.0000000000   -114.6983228350  -1085.0027881274    -47.1392020031
     0.0000643685     -0.0022500251      0.0000000000   -112.2459212290  -1086.5428184116    -48.9387775841
     0.0000805264     -0.0022987551      0.0000000000   -109.7029962399  -1088.1409550252    -50.6856455124
     0.0000982918     -0.0023489561      0.0000000000   -107.0722930728  -1089.7955943365    -52.3776719190
     0.0001177019     -0.0024005456      0.0000000000   -104.3566650688  -1091.5050602891    -54.0127542265
     0.0001387903     -0.0024534392      0.0000000000   -101.5590720530  -1093.2676043815    -55.5888232689
     0.0001615867     -0.0025075508      0.0000000000    -98.6825785731  -1095.0814057067    -57.1038454870
     0.0001861168     -0.0025627929      0.0000000000    -95.7303520238  -1096.9445710603    -58.5558251989
     0.0002124027     -0.0026190766      0.0000000000    -92.7056606531  -1098.8551351220    -59.9428069446
     0.0002404622     -0.0026763122      0.0000000000    -89.6118714472  -1100.8110607184    -61.2628779024
     0.0002703094     -0.0027344087      0.0000000000    -86.4524478906  -1102.8102391706    -62.5141703744
     0.0003019540     -0.0027932747      0.0000000000    -83.2309475973  -1104.8504907369    -63.6948643387
     0.0003354020     -0.0028528181      0.0000000000    -79.9510198101  -1106.9295651511    -64.8031900656
     0.0003706552     -0.0029129466      0.0000000000    -76.6164027649  -1109.0451422677    -65.8374307921
     0.0004077114     -0.0029735678      0.0000000000    -73.2309209172  -1111.1948328154    -66.7959254539
     0.0004465643     -0.0030345894      0.0000000000    -69.7984820272  -1113.3761792685    -67.6770714666
     0.0004872038     -0.0030959192      0.0000000000    -66.3230741027  -1115.5866568361    -68.4793275556
     0.0005296156     -0.0031574658      0.0000000000    -62.8087621957  -1117.8236745806    -69.2012166247
     0.0005737817     -0.0032191384      0.0000000000    -59.2596850521  -1120.0845766649    -69.8413286620
     0.0006196802     -0.0032808469      0.0000000000    -55.6800516117  -1122.3666437357    -70.3983236738
     0.0006672852     -0.0033425024      0.0000000000    -52.0741373589  -1124.6670944475    -70.8709346434
     0.0007165675     -0.0034040172      0.0000000000    -48.4462804837  -1126.9830871272    -71.2579719583
     0.0008829515     -0.0035913051      0.0000000000    -44.8003210855  -1129.3119119967    -71.5801389711
     0.0010531247     -0.0037762474      0.0000000000    -41.1395974061  -1131.6509930194    -71.8363936576
     0.0012270114     -0.0039587238      0.0000000000    -37.4674990915  -1133.9976993810    -72.0257641776
     0.0014045319     -0.0041386164      0.0000000000    -33.7874634957  -1136.3493475315    -72.1473533025
     0.0015856028     -0.0043158100      0.0000000000    -30.1029717968  -1138.7032033829    -72.2003413716
     0.0017701368     -0.0044901924      0.0000000000    -26.4175449617  -1141.0564846713    -72.1839892230
     0.0019580430     -0.0046616541      0.0000000000    -22.7347395634  -1143.4063634745    -72.0976410868
     0.0021492271     -0.0048300892      0.0000000000    -19.0581434504  -1145.7499688933    -71.9407274385
     0.0023435915     -0.0049953948      0.0000000000    -15.3913712729  -1148.0843898950    -71.7127677984
     0.0025410353     -0.0051574716      0.0000000000    -11.7380598668  -1150.4066783194    -71.4133734687
     0.0027414549     -0.0053162238      0.0000000000     -8.1018635003  -1152.7138520413    -71.0422502035
     0.0029447434     -0.0054715592      0.0000000000     -4.4864489861  -1155.0028982948    -70.5992007943
     0.0031507916     -0.0056233895      0.0000000000     -0.8954906634  -1157.2707771595    -70.0841275729
     0.0033594877     -0.0057716302      0.0000000000      2.6673347443  -1159.5144251941    -69.4970348113
     0.0035707174     -0.0059162011      0.0000000000      6.1983533925  -1161.7307592318    -68.8380310175
     0.0037843646     -0.0060570256      0.0000000000      9.6938996921  -1163.9166803144    -68.1073311134
     0.0040003109     -0.0061940315      0.0000000000     13.1503217946  -1166.0690777840    -67.3052584893
     0.0042184365     -0.0063271510      0.0000000000     16.5639871783  -1168.1848335083    -66.4322469211
     0.0044386196     -0.0064563201      0.0000000000     19.9312883286  -1170.2608262422    -65.4888423475
     0.0046607375     -0.0065814797      0.0000000000     23.2486485059  -1172.2939361251    -64.4757044943
     0.0048846660     -0.0067025745      0.0000000000     26.5125275912  -1174.2810493012    -63.3936083349
     0.0051102800     -0.0068195542      0.0000000000     29.7194280032  -1176.2190626575    -62.2434453891
     0.0053374537     -0.0069323724      0.0000000000     32.8659006761  -1178.1048886753    -61.0262248372
     0.0055660608     -0.0070409874      0.0000000000     35.9485510899  -1179.9354603837    -59.7430744548
     0.0057959743     -0.0071453620      0.0000000000     38.9640453443  -1181.7077364190    -58.3952413544
     0.0060270674     -0.0072454633      0.0000000000     41.9091162639  -1183.4187061571    -56.9840925237
     0.0062592131     -0.0073412629      0.0000000000     44.7805695271  -1185.0653949405    -55.5111151648
     0.0064922848     -0.0074327367      0.0000000000     47.5752898055  -1186.6448693715    -53.9779168126
     0.0067261561     -0.0075198650      0.0000000000     50.2902469050  -1188.1542426581    -52.3862252410
     0.0069607016     -0.0076026326      0.0000000000     52.9225018958  -1189.5906800286    -50.7378881401
     0.0071957962     -0.0076810284      0.0000000000     55.4692132196  -1190.9514041681    -49.0348725664
     0.0074313162     -0.0077550454      0.0000000000     57.9276427640  -1192.2337006983    -47.2792641563
     0.0076671389     -0.0078246810      0.0000000000     60.2951618890  -1193.4349236748    -45.4732661020
     0.0079031429     -0.0078899364      0.0000000000     62.5692573966  -1194.5525010899    -43.6191978846
     0.0081392086     -0.0079508170      0.0000000000     64.7475374286  -1195.5839403657    -41.7194937621
     0.0083752178     -0.0080073319      0.0000000000     66.8277372807  -1196.5268338522    -39.7767010060
     0.0086110544     -0.0080594941      0.0000000000     68.8077251210  -1197.3788642719    -37.7934778913
     0.0088466040     -0.0081073202      0.0000000000     70.6855075986  -1198.1378101476    -35.7725914294
     0.0090817547     -0.0081508302      0.0000000000     72.4592353304  -1198.8015511628    -33.7169148547
     0.0093163967     -0.0081900479      0.0000000000     74.1272082532  -1199.3680734688    -31.6294248480
     0.0095504227     -0.0082249999      0.0000000000     75.6878808274  -1199.8354749095    -29.5131985142
     0.0097837280     -0.0082557164      0.0000000000     77.1398670800  -1200.2019701566    -27.3714101063
     0.0100162105     -0.0082822303      0.0000000000     78.4819454738  -1200.4658957386    -25.2073274922
     0.0102477710     -0.0083045774      0.0000000000     79.7130635905  -1200.6257149744    -23.0243083820
     0.0104783131     -0.0083227965      0.0000000000     80.8323426136  -1200.6800227490    -20.8257962985
     0.0107077434     -0.0083369286      0.0000000000     81.8390816014  -1200.6275501736    -18.6153163143
     0.0109359717     -0.0083470172      0.0000000000     82.7327615339  -1200.4671690864    -16.3964705431
     0.0111629107     -0.0083531080      0.0000000000     83.5130477619  -1200.2040191901    -14.1728799657
     0.0113884765     -0.0083552491      0.0000000000     84.1797772069  -1199.8495010286    -11.9476452599
     0.0116125884     -0.0083534901      0.0000000000     84.7329316927  -1199.4090045003     -9.7233425856
     0.0118351690     -0.0083478826      0.0000000000     85.1726247152  -1198.8819015007     -7.5025543204
     0.0120561442     -0.0083384796      0.0000000000     85.4991030301  -1198.2676724361     -5.2879188203
     0.0122754433     -0.0083253359      0.0000000000     85.7127494116  -1197.5659097590     -3.0821265386
     0.0124929988     -0.0083085070      0.0000000000     85.8140852077  -1196.7763213441     -0.8879159416
     0.0127087469     -0.0082880497      0.0000000000     85.8037726823  -1195.8987336875      1.2919307683
     0.0129226269     -0.0082640218      0.0000000000     85.6826171333  -1194.9330949179      3.4545921224
     0.0131345815     -0.0082364818      0.0000000000     85.4515687793  -1193.8794776115      5.5972120305
     0.0133445570     -0.0082054885      0.0000000000     85.1117244034  -1192.7380814020      7.7169046020
     0.0135525028     -0.0081711013      0.0000000000     84.6643287476  -1191.5092353680      9.8107591269
     0.0137583716     -0.0081333800      0.0000000000     84.1107756489  -1190.1934002039     11.8758452158
     0.0139621193     -0.0080923843      0.0000000000     83.4526089087  -1188.7911701445     13.9092180790
     0.0141637052     -0.0080481738      0.0000000000     82.6915228899  -1187.3032746636     15.9079239431
     0.0143630916     -0.0080008079      0.0000000000     81.8293628342  -1185.7305799007     17.8690055887
     0.0145602437     -0.0079503458      0.0000000000     80.8681248938  -1184.0740898503     19.7895080037
     0.0147551301     -0.0078968461      0.0000000000     79.8099557506  -1182.3349472744     21.6664888844
     0.0144150824     -0.0080083073      0.0000000000     78.6553323285  -1180.5138121130     23.5683067980
     0.0140757257     -0.0081261167      0.0000000000     77.4030620450  -1178.6108622339     25.4920096029
     0.0137371974     -0.0082502769      0.0000000000     76.0521035968  -1176.6264165099     27.4346227605
     0.0133996368     -0.0083807866      0.0000000000     74.6015678273  -1174.5609353897     29.3931601443
     0.0130631850     -0.0085176408      0.0000000000     73.0507181621  -1172.4150211566     31.3646301414
     0.0127279843     -0.0086608305      0.0000000000     71.3989707329  -1170.1894179230     33.3460417986
     0.0123941789     -0.0088103422      0.0000000000     69.6458941859  -1167.8850112992     35.3344109798
     0.0120619138     -0.0089661585      0.0000000000     67.7912091768  -1165.5028277917     37.3267665428
     0.0117313357     -0.0091282574      0.0000000000     65.8347875494  -1163.0440338869     39.3201565051
     0.0114025919     -0.0092966126      0.0000000000     63.7766512013  -1160.5099348463     41.3116541922
     0.0110758309     -0.0094711932      0.0000000000     61.6169706350  -1157.9019731933     43.2983643523
     0.0107512018     -0.0096519637      0.0000000000     59.3560631996  -1155.2217269159     45.2774292275
     0.0104288542     -0.0098388837      0.0000000000     56.9943910230  -1152.4709073610     47.2460345576
     0.0101089384     -0.0100319082      0.0000000000     54.5325586399  -1149.6513568438     49.2014155139
     0.0097916045     -0.0102309872      0.0000000000     51.9712209723  -1146.7650154165     51.1443629051
     0.0094770031     -0.0104360659      0.0000000000     49.3111809675  -1143.8139522980     53.0682867099
     0.0091652844     -0.0106470844      0.0000000000     46.5534756954  -1140.8003931636     54.9706047151
     0.0088565984     -0.0108639780      0.0000000000     43.6992722008  -1137.7266822296     56.8488070925
     0.0085510946     -0.0110866766      0.0000000000     40.7499081950  -1134.5952936649     58.6987174446
     0.0082489220     -0.0113151052      0.0000000000     37.7075545310  -1131.4090554265     60.4918721062
     0.0079502285     -0.0115491836      0.0000000000     34.5764759391  -1128.1715774501     62.1747026940
     0.0076551617     -0.0117888261      0.0000000000     31.3623604769  -1124.8870194146     63.7450157626
     0.0073638676     -0.0120339418      0.0000000000     28.0710042793  -1121.5596378913     65.2007706008
     0.0070764906     -0.0122844350      0.0000000000     24.7083036431  -1118.1937803407     66.5400838711
     0.0067931732     -0.0125402050      0.0000000000     21.2802468807  -1114.7938788695     67.7612340065
     0.0065140558     -0.0128011460      0.0000000000     17.7929059559  -1111.3644437717     68.8626653431
     0.0062392765     -0.0130671477      0.0000000000     14.2524279165  -1107.9100568771     69.8429919905
     0.0059689705     -0.0133380950      0.0000000000     10.6650261349  -1104.4353646926     70.7010014183
     0.0057032706     -0.0136138683      0.0000000000      7.0369713744  -1100.9450713866     71.4356577534
     0.0054423060     -0.0138943437      0.0000000000      3.3745826940  -1097.4439315785     72.0461047832
     0.0051862032     -0.0141793928      0.0000000000     -0.3157817919  -1093.9367430024     72.5316686467
     0.0049350846     -0.0144688833      0.0000000000     -4.0277342838  -1090.4283390162     72.8918602203
     0.0046890693     -0.0147626789      0.0000000000     -7.7548667798  -1086.9235809898     73.1263771688
     0.0044482724     -0.0150606397      0.0000000000    -11.4907606562  -1083.4273505838     73.2351056826
     0.0042128048     -0.0153626220      0.0000000000    -15.2289963269  -1079.9445419339     73.2181218737
     0.0039827732     -0.0156684789      0.0000000000    -18.9631629660  -1076.4800537513     73.0756928298
     0.0037582801     -0.0159780603      0.0000000000    -22.6868682756  -1073.0387813587     72.8082773359
     0.0035394231     -0.0162912133      0.0000000000    -26.3937482811  -1069.6256086854     72.4165262358
     0.0033262952     -0.0166077821      0.0000000000    -30.0774771369  -1066.2454002130     71.9012824552
     0.0031189847     -0.0169276085      0.0000000000    -33.7317769228  -1062.9029929234     71.2635806661
     0.0029175747     -0.0172505322      0.0000000000    -37.3504274160  -1059.6031882264     70.5046465992
     0.0027221433     -0.0175763907      0.0000000000    -40.9272758177  -1056.3507439212     69.6258960017
     0.0025327636     -0.0179050198      0.0000000000    -44.4562464178  -1053.1503661702     68.6289332461
     0.0023495034     -0.0182362539      0.0000000000    -47.9313501799  -1050.0067015385     67.5155495762
     0.0021724250     -0.0185699261      0.0000000000    -51.3466942273  -1046.9243290835     66.2877210107
     0.0020015856     -0.0189058685      0.0000000000    -54.6964912135  -1043.9077525328     64.9476058952
     0.0018370369     -0.0192439125      0.0000000000    -57.9750685586  -1040.9613925557     63.4975421030
     0.0016788253     -0.0195838891      0.0000000000    -61.1768775340  -1038.0895791449     61.9400439082
     0.0015269915     -0.0199256288      0.0000000000    -64.2965021794  -1035.2965441360     60.2777984995
     0.0013815710     -0.0202689626      0.0000000000    -67.3286680328  -1032.5864138520     58.5136621894
     0.0012425940     -0.0206137214      0.0000000000    -70.2682506590  -1029.9632019255     56.6506562730
     0.0011100851     -0.0209597370      0.0000000000    -73.1102839582  -1027.4308022844     54.6919625886
     0.0009840636     -0.0213068418      0.0000000000    -75.8499682408  -1024.9929823308     52.6409187539
     0.0008645436     -0.0216548692      0.0000000000    -78.4826780503  -1022.6533763173     50.5010131060
     0.0007515340     -0.0220036542      0.0000000000    -81.0039697213  -1020.4154789503     48.2758793532
     0.0006450386     -0.0223530332      0.0000000000    -83.4095886566  -1018.2826392080     45.9692909290
     0.0005450561     -0.0227028442      0.0000000000    -85.6954763093  -1016.2580544190     43.5851550883
     0.0004515803     -0.0230529275      0.0000000000    -87.8577768572  -1014.3447645868     41.1275067361
     0.0003646002     -0.0234031255      0.0000000000    -89.8928435553  -1012.5456469817     38.6005020021
     0.0002841002     -0.0237532830      0.0000000000    -91.7972447539  -1010.8634110191     36.0084115806
     0.0002100600     -0.0241032475      0.0000000000    -93.5677695723  -1009.3005934204     33.3556138478
     0.0001424552     -0.0244528694      0.0000000000    -95.2014332139  -1007.8595536824     30.6465877614
     0.0000812569     -0.0248020019      0.0000000000    -96.6954819153  -1006.5424698500     27.8859055635
     0.0000264322     -0.0251505016      0.0000000000    -98.0473975171  -1005.3513346128     25.0782253028
    -0.0000220554     -0.0254982284      0.0000000000    -99.2549015765  -1004.2879517274     22.2282803210
    -0.0000203859     -0.0255118912      0.0000000000   -100.3159588654  -1003.3539329273     19.3408657345
    -0.0000182848     -0.0255237968      0.0000000000   -101.2287807597  -1002.5506950222     16.4208476477
    -0.0000158108     -0.0255339177      0.0000000000   -101.9918285113  -1001.8794571984     13.4731493707
    -0.0000130242     -0.0255422306      0.0000000000   -102.6038158863  -1001.3412388220     10.5027403795
    -0.0000099859     -0.0255487162      0.0000000000   -103.0637113116  -1000.9368576019      7.5146280526
    -0.0000067583     -0.0255533595      0.0000000000   -103.3707395959  -1000.6669281144      4.5138493240
    -0.0000034040     -0.0255561496      0.0000000000   -103.5243832249  -1000.5318606943      1.5054622814
